0.025,-0.00754152576799,0.00754152576799,-0.0192266030429,3.99433587156,-0.00209951622427,0.0,0.0,0.0
0.059,-0.0133728230651,0.0133728230651,-0.0431978177716,3.99944487188,-0.0021838159592,-0.00118157768874,0.135867178743,1.25156356136e-06
0.092,-0.0262419126326,0.0262419126326,-0.0853249188205,3.99672075158,0.00879070132846,-0.00328771185257,0.271785185192,-0.000116656792512
0.127,-0.0406808656877,0.0406808656877,-0.14477600601,3.98636117634,0.00744678712607,-0.00689366639649,0.407519887453,-0.000395520513848
0.16,-0.0667324395464,0.0667324395464,-0.213687875712,4.0014272556,0.00310599347223,-0.0127951653879,0.543286715469,-0.00131678325109
0.194,-0.0904404103546,0.0904404103546,-0.338224182338,3.99451794255,0.0327631382914,-0.0219408590597,0.679181716071,-0.0029789458613
0.228,-0.115710477169,0.115710477169,-0.42938320504,3.97456785589,0.0467445090421,-0.0347021619275,0.814719185457,-0.0052283368289
0.262,-0.146940026134,0.146940026134,-0.488565534909,3.93139037112,0.0522211594857,-0.0519326178809,0.94910572579,-0.00943203154063
0.296,-0.164354308974,0.164354308974,-0.658054450873,3.9169224738,0.0623364552872,-0.072545402735,1.0823240792,-0.0157380124424
0.33,-0.174470880079,0.174470880079,-0.706851791516,3.89037932863,0.0650162231554,-0.0959733722406,1.21460897077,-0.024809578944
0.364,-0.170606178616,0.170606178616,-0.750358030169,3.88276555979,0.0676591846318,-0.120406112314,1.34631826172,-0.0368266587751
0.398,-0.157489352275,0.157489352275,-0.722435046999,3.86511734031,0.0473012998823,-0.145523086356,1.47700437146,-0.0522458676056
0.432,-0.129423656825,0.129423656825,-0.586461396926,3.85645584489,0.051878362227,-0.168641052352,1.60708901524,-0.071159413065
0.466,-0.104448192687,0.104448192687,-0.51122656682,3.88392511811,0.0325001117737,-0.188219565814,1.73655728282,-0.0932308453721
0.501,-0.0717526306477,0.0717526306477,-0.400697768869,3.88926495099,0.0158517076596,-0.204101716192,1.86630155642,-0.118205531211
0.534,-0.0506239365125,0.0506239365125,-0.289991933343,3.91977428301,-0.00285889122087,-0.215597851053,1.99610572223,-0.145894034347
0.568,-0.0337177538141,0.0337177538141,-0.194844729824,3.92444716804,0.00436783396777,-0.2235816019,2.12621592102,-0.174707674251
0.602,-0.0179314804294,0.0179314804294,-0.130346879152,3.94435891148,0.00742435770098,-0.229187957908,2.2566448856,-0.204364310221
0.636,-0.0104411825946,0.0104411825946,-0.0707442113304,3.95213971949,-0.0018913755404,-0.232697021732,2.38749468819,-0.234914834794
0.67,-0.00464174876719,0.00464174876719,-0.042354730909,3.9576372155,-0.00458585649331,-0.234619618478,2.51832412004,-0.266197485739
0.704,-0.00236290355969,0.00236290355969,-0.0211732541795,3.97740468407,-0.00111184938557,-0.23557242337,2.64961999814,-0.297722829635
0.739,-0.00113552055518,0.00113552055518,-0.00893920145155,3.98602040987,-0.00290401471199,-0.235922171213,2.78126045232,-0.329294106963
0.772,-0.000390793699128,0.000390793699128,-0.00778463634266,3.98837969406,-0.00411461776769,-0.236075835744,2.91311136476,-0.360986951043
0.807,-0.000164182694234,0.000164182694234,0.00332444856338,3.98435134681,-0.0031554934207,-0.236166977238,3.044888582,-0.39273509694
0.841,-4.7233960234e-05,4.7233960234e-05,0.00497780728446,3.98425712903,-0.00350379163108,-0.236141756274,3.17660019422,-0.424469223075
0.875,-1.73486228805e-05,1.73486228805e-05,-0.00256790988674,3.98605514935,-0.00401600168779,-0.23611630723,3.3083168259,-0.456202523228
0.908,-6.01534154702e-06,6.01534154702e-06,0.0023314838451,3.9843406875,-0.00377375622642,-0.236076162948,3.44003339649,-0.487930567723
0.943,-1.339701012e-06,1.339701012e-06,0.00546872878558,3.98412009392,-0.00351173813363,-0.236041333773,3.57175111242,-0.519653104213
0.977,-4.06100937274e-07,4.06100937274e-07,-0.00261353143593,3.98610612479,-0.0039922986965,-0.236008501288,3.70347174155,-0.551372751297
1.011,-1.16210330437e-07,1.16210330437e-07,0.00246967616723,3.98432463876,-0.00382253980093,-0.235967559622,3.83519145732,-0.583087677349
1.045,-1.16210330437e-07,1.16210330437e-07,0.0051701920706,3.98415595222,-0.00357640427289,-0.235935307291,3.96691242677,-0.614798094455
1.079,-1.16210330437e-07,1.16210330437e-07,-0.00251765182407,3.98612676756,-0.00405207142693,-0.235905693657,4.09863610153,-0.646506230231
1.112,-1.16210330437e-07,1.16210330437e-07,0.00247251881331,3.98431121603,-0.00383320338282,-0.235866383066,4.23035910929,-0.678208882183
1.147,-1.16210330437e-07,1.16210330437e-07,0.00519406265052,3.98414915817,-0.0035796919933,-0.235834428312,4.36208342089,-0.709906064152
1.18,-1.16210330437e-07,1.16210330437e-07,-0.00238321524448,3.9861510113,-0.00408789604266,-0.235804717646,4.49381054379,-0.741601209966
1.214,-1.16210330437e-07,1.16210330437e-07,0.00239268272159,3.98430946576,-0.00387218040877,-0.235766368248,4.62553690899,-0.773291246599
1.248,-1.16210330437e-07,1.16210330437e-07,0.00544279412193,3.98416463387,-0.00363540809025,-0.23573470053,4.7572642731,-0.804976402563
1.282,-1.16210330437e-07,1.16210330437e-07,-0.00246784217961,3.98613643937,-0.00412219824109,-0.235705895675,4.88899461047,-0.836659444004
1.316,-1.16210330437e-07,1.16210330437e-07,0.00250918264979,3.98431245778,-0.00384003067965,-0.235666057009,5.02072438882,-0.868336181414
1.35,-1.16210330437e-07,1.16210330437e-07,0.00554725527361,3.98419417687,-0.00356880263591,-0.235630960763,5.1524557709,-0.900006149137
1.384,-1.16210330437e-07,1.16210330437e-07,-0.00240004582082,3.9861422652,-0.00406023438509,-0.235599473525,5.28419008225,-0.931673264284
1.418,-1.16210330437e-07,1.16210330437e-07,0.00261525520174,3.98434849564,-0.00380265676464,-0.23555789051,5.41592386095,-0.963334432306
1.452,-1.16210330437e-07,1.16210330437e-07,0.00555766971757,3.98419706257,-0.00354019472278,-0.235523035762,5.54765901779,-0.994989727178
1.486,-1.16210330437e-07,1.16210330437e-07,-0.00240071450828,3.98614929825,-0.00402199600992,-0.235491036693,5.67939715605,-1.026642141
1.521,-1.16210330437e-07,1.16210330437e-07,0.0024839660574,3.98435757172,-0.00377404098847,-0.235448464893,5.81113486327,-1.05828831382
