0.012,0.00615147065861,-0.00615147065861,0.0155517911412,3.87796321229,-0.933475331906,0.0,0.0,0.0
0.047,0.0111193983786,-0.0111193983786,0.034510385575,3.88862422052,-0.939745556933,0.000824494463196,0.135919833471,-1.2924596012e-05
0.08,0.0223857482614,-0.0223857482614,0.0648017499588,3.88498641448,-0.94064694656,0.00241427149608,0.271869551998,6.92498039979e-05
0.114,0.0353756778652,-0.0353756778652,0.0980703761586,3.87503923285,-0.934748566579,0.00522887063494,0.407667071499,0.000405784709736
0.148,0.0527743099351,-0.0527743099351,0.171754403754,3.88930247988,-0.939732128079,0.010007515953,0.543425655705,0.00137413232767
0.183,0.0822495444789,-0.0822495444789,0.290963060617,3.85723092857,-0.943945541943,0.017331982109,0.679064797397,0.00291481763991
0.216,0.107270947281,-0.107270947281,0.359719366163,3.84113513579,-0.974748283622,0.0284519291117,0.813745706751,0.00478593658051
0.25,0.139755041248,-0.139755041248,0.491359603951,3.83200353931,-0.993931210734,0.043905408003,0.948274177033,0.00765728841677
0.284,0.159348110734,-0.159348110734,0.627765917118,3.79309459198,-0.974602360523,0.0630090198149,1.08192434158,0.0126733503857
0.319,0.171518508954,-0.171518508954,0.733704593835,3.75399407952,-0.983018644694,0.0850414074126,1.21419799104,0.0201344883994
0.353,0.172988396163,-0.172988396163,0.748276360316,3.71787019248,-0.975090245025,0.109715240619,1.34488744966,0.0303422020454
0.387,0.162784056878,-0.162784056878,0.76070830542,3.72093647922,-0.975995626242,0.135542612348,1.47461803259,0.0436298775829
0.421,0.137243655215,-0.137243655215,0.670302092587,3.74343362115,-0.977143848563,0.160014748712,1.60478649579,0.0606122078257
0.455,0.1129062526,-0.1129062526,0.587549588346,3.72479248791,-0.953995980937,0.181529167597,1.73432202227,0.0809303794825
0.489,0.0876856141706,-0.0876856141706,0.480894621625,3.73640825624,-0.945886600689,0.199184304548,1.86300308056,0.103876254636
0.522,0.0572307410356,-0.0572307410356,0.348951062955,3.77207437642,-0.955435924474,0.212626224785,1.99222970929,0.129291235236
0.556,0.0388571143932,-0.0388571143932,0.207367788994,3.77542597708,-0.935024711388,0.221983459632,2.12140075477,0.156801660919
0.59,0.0212004947368,-0.0212004947368,0.131099945901,3.7983959329,-0.935908152658,0.228474310381,2.25083122908,0.185643617437
0.625,0.0125839792652,-0.0125839792652,0.0706374459137,3.82216912995,-0.92755100682,0.232721104212,2.38066632276,0.215598091579
0.658,0.00705138829029,-0.00705138829029,0.0513219405791,3.87008040735,-0.942380953705,0.234930180343,2.51162145316,0.246465457471
0.693,0.00297831543788,-0.00297831543788,0.0244789173742,3.89098921888,-0.938943608034,0.23615462967,2.6439292968,0.278031873685
0.726,0.00145900960293,-0.00145900960293,0.0105173148471,3.89431705863,-0.939203341607,0.236729370443,2.7762353048,0.309778260687
0.76,0.000515143995088,-0.000515143995088,0.00470362284329,3.89229867639,-0.937146495881,0.236904479368,2.90853950067,0.341698273031
0.794,0.00022062103673,-0.00022062103673,0.00996410615031,3.89177510046,-0.936158710353,0.237044746875,3.04081944384,0.373661816266
0.828,8.91969158839e-05,-8.91969158839e-05,0.000595433007582,3.88938577661,-0.932700620212,0.237037993017,3.17299238659,0.405552459737
0.863,2.43804064905e-05,-2.43804064905e-05,0.00512070094009,3.89167440448,-0.938721647887,0.237078159033,3.30517441888,0.43751652269
0.896,8.61736882214e-06,-8.61736882214e-06,-0.00251124585448,3.88588854117,-0.934748169835,0.237054454589,3.43737147837,0.469448983709
0.93,1.96897505432e-06,-1.96897505432e-06,-0.00416558745686,3.89366119033,-0.938008688182,0.237037028844,3.56954367493,0.501385805218
0.964,6.08421810898e-07,-6.08421810898e-07,0.00120010001167,3.89095520306,-0.934859054782,0.237043857599,3.70178414735,0.533341748539
0.998,1.77481860503e-07,-1.77481860503e-07,0.00114278700281,3.88942147945,-0.939319523164,0.23702047697,3.83403024313,0.56529998041
1.033,1.16210330437e-07,-1.16210330437e-07,0.00371332254229,3.88779181932,-0.938452404314,0.237027320236,3.9661866664,0.597204268428
1.067,1.16210330437e-07,-1.16210330437e-07,0.00219063827343,3.8899409202,-0.935364305385,0.237051142895,4.09838733048,0.629126978197
1.101,1.16210330437e-07,-1.16210330437e-07,0.00133761687012,3.89264231548,-0.935094968773,0.237015033214,4.23058342565,0.661073408033
1.134,1.16210330437e-07,-1.16210330437e-07,0.00166505744834,3.89230176603,-0.937194470224,0.237022695386,4.36276888773,0.693008939342
1.168,1.16210330437e-07,-1.16210330437e-07,-0.00390463427245,3.88861588691,-0.93599558648,0.237063374335,4.49497990115,0.724922516203
1.202,1.16210330437e-07,-1.16210330437e-07,0.00273826796437,3.88548293742,-0.933977799312,0.237052281401,4.62715825448,0.756845747549
1.236,1.16210330437e-07,-1.16210330437e-07,-0.00292933787074,3.88885957362,-0.935753510833,0.237045857496,4.75933710589,0.788771661173
1.27,1.16210330437e-07,-1.16210330437e-07,-0.0064802999769,3.89141691596,-0.934586756892,0.237057731153,4.89154193424,0.820680246405
1.304,1.16210330437e-07,-1.16210330437e-07,-0.00656519953617,3.88716978233,-0.933650145206,0.237101930246,5.02366030403,0.852623801928
1.339,1.16210330437e-07,-1.16210330437e-07,0.0022932282362,3.88322473642,-0.933584832162,0.237093427146,5.15578102488,0.884536347814
1.373,1.16210330437e-07,-1.16210330437e-07,0.000655508376493,3.88985853074,-0.93653828968,0.237056924697,5.28787703076,0.916444287164
1.407,1.16210330437e-07,-1.16210330437e-07,0.000598177046917,3.88716877723,-0.933824315942,0.237044849975,5.42000686084,0.948378479751
1.441,1.16210330437e-07,-1.16210330437e-07,-0.00309591467104,3.88492117207,-0.936345896619,0.237045636144,5.55209998174,0.980267660494
1.475,1.16210330437e-07,-1.16210330437e-07,0.00040955305004,3.89278437701,-0.936880413165,0.237011361599,5.6842594267,1.01222224797
1.508,1.16210330437e-07,-1.16210330437e-07,-0.00396369969923,3.8907339403,-0.937294582442,0.237001340603,5.81653822787,1.04414614214
1.542,1.16210330437e-07,-1.16210330437e-07,0.00235383946368,3.88731683519,-0.93487339356,0.236980402759,5.94881159394,1.07607950216
1.576,1.16210330437e-07,-1.16210330437e-07,-0.00179851554868,3.89151281163,-0.934248617647,0.236942342577,6.08107583918,1.10802566511
1.611,1.16210330437e-07,-1.16210330437e-07,-0.00157739532992,3.890542766,-0.93433727073,0.236911536919,6.21334811639,1.13993153841
1.645,1.16210330437e-07,-1.16210330437e-07,0.000959036045402,3.88735735804,-0.937368289884,0.236903935393,6.34561437438,1.17187158973
1.678,1.16210330437e-07,-1.16210330437e-07,-0.0023642686396,3.89156661505,-0.934429833455,0.236940115518,6.47785739779,1.20385806457
1.713,1.16210330437e-07,-1.16210330437e-07,-0.00597714755074,3.89282286487,-0.932821707436,0.236957987341,6.61011411256,1.23578932978
1.747,1.16210330437e-07,-1.16210330437e-07,0.00615665020812,3.89144178585,-0.935679063197,0.236971669087,6.74243487289,1.2677577007
1.781,1.16210330437e-07,-1.16210330437e-07,0.00131983069106,3.89294507911,-0.937855572963,0.236956580318,6.87475256925,1.29966707342
1.814,1.16210330437e-07,-1.16210330437e-07,0.00402137074412,3.89093885115,-0.935146893968,0.236955517954,7.00695869066,1.33154701718
1.849,1.16210330437e-07,-1.16210330437e-07,-0.00137533803444,3.88770406256,-0.9372818155,0.237016699307,7.13914916294,1.36349098184
1.882,1.16210330437e-07,-1.16210330437e-07,-0.000884651976402,3.89059269397,-0.936346025028,0.236984567849,7.27130914371,1.39540723806
