0,0,0,0,0,0,0,0,0
0.01,0.000336927807359,-0.000336927807359,8.4344736081e-06,1,-4.19044182969e-08,4.23696838369e-08,0.01,1.60469782427e-12
0.02,0.000363087439679,-0.000363087439679,1.72939951034e-05,1,-1.65654274173e-07,1.70333200502e-07,0.02,4.41284128941e-11
0.03,0.000391102113571,-0.000391102113571,2.66109841448e-05,1,-3.74690215661e-07,3.89144218152e-07,0.03,1.64653251402e-10
0.04,0.00042108877815,-0.00042108877815,3.64222194374e-05,1,-6.7089109316e-07,7.03558487746e-07,0.04,4.33372028738e-10
0.05,0.000453170613998,-0.000453170613998,4.6766551126e-05,1,-1.05644585499e-06,1.11870974578e-06,0.05,9.49615555132e-10
0.06,0.000487477280826,-0.000487477280826,5.76850059787e-05,1,-1.53386425838e-06,1.64013094653e-06,0.06,1.84258515978e-09
0.07,0.000524145168942,-0.000524145168942,6.92208959693e-05,1,-2.10598828027e-06,2.27377656289e-06,0.07,3.2721923374e-09
0.08,0.000563317654108,-0.000563317654108,8.14199302509e-05,1,-2.77600423828e-06,3.02604598973e-06,0.0800000000001,5.43000932364e-09
0.09,0.00060514535533,-0.00060514535533,9.43303305012e-05,1,-3.54745563197e-06,3.90380808353e-06,0.0900000000001,8.540334642e-09
0.1,0.000649786395074,-0.000649786395074,0.000108002949605,1,-4.42425671366e-06,4.914426872e-06,0.1,1.28613779054e-08
0.11,0.000697406661371,-0.000697406661371,0.000122491393633,1,-5.41070679759e-06,6.06578846668e-06,0.11,1.86865683981e-08
0.12,0.000748180071213,-0.000748180071213,0.000137852147054,1,-6.5115053153e-06,7.36632921124e-06,0.120000000001,2.63459922095e-08
0.13,0.000802288834595,-0.000802288834595,0.000154144701112,1,-7.73176762425e-06,8.82506509753e-06,0.130000000001,3.62079629403e-08
0.14,0.000859923718519,-0.000859923718519,0.000171431685274,1,-9.07704157573e-06,1.04516224805e-05,0.140000000001,4.86807312524e-08
0.15,0.000921284310213,-0.000921284310213,0.000189779001656,1,-1.05533248468e-05,1.22562701223e-05,0.150000000002,6.4214338785e-08
0.16,0.000986579278774,-0.000986579278774,0.000209255962291,1,-1.21670830401e-05,1.42499525946e-05,0.160000000002,8.3302622217e-08
0.17,0.0010560266344,-0.0010560266344,0.000229935429108,1,-1.39252685531e-05,1.64443250667e-05,0.170000000003,1.06485373508e-07
0.18,0.00112985398429,-0.00112985398429,0.000251893956465,1,-1.58353402186e-05,1.88517895065e-05,0.180000000004,1.34350662606e-07
0.19,0.00120829878431,-0.00120829878431,0.000275211936062,1,-1.7905283714e-05,2.14855323183e-05,0.190000000006,1.67537329177e-07
0.2,0.00129160858534,-0.00129160858534,0.000299973744019,1,-2.0143632738e-05,2.435956344e-05,0.200000000007,2.0673765014e-07
0.21,0.00138004127333,-0.00138004127333,0.000326267889928,1,-2.25594909488e-05,2.74887569216e-05,0.21000000001,2.52700190093e-07
0.22,0.00147386530196,-0.00147386530196,0.000354187167616,1,-2.51625546578e-05,3.08888930016e-05,0.220000000012,3.06232841908e-07
0.23,0.00157335991661,-0.00157335991661,0.000383828807366,1,-2.79631362689e-05,3.45767016994e-05,0.230000000016,3.68206065083e-07
0.24,0.00167881536857,-0.00167881536857,0.000415294629311,1,-3.09721884526e-05,3.85699079348e-05,0.24000000002,4.39556329654e-07
0.25,0.00179053311825,-0.00179053311825,0.00044869119769,1,-3.42013290409e-05,4.28872781857e-05,0.250000000025,5.21289773707e-07
0.26,0.00190882602585,-0.00190882602585,0.000484129975625,1,-3.76628666253e-05,4.75486686916e-05,0.260000000031,6.14486082809e-07
0.27,0.00203401852842,-0.00203401852842,0.000521727480081,1,-4.13698268396e-05,5.25750752054e-05,0.270000000038,7.20302599862e-07
0.28,0.00216644680168,-0.00216644680168,0.000561605436594,1,-4.53359793037e-05,5.79886842932e-05,0.280000000047,8.39978674143e-07
0.29,0.00230645890527,-0.00230645890527,0.000603890933386,1,-4.95758652039e-05,6.38129261789e-05,0.290000000057,9.74840258516e-07
0.3,0.0024544149099,-0.0024544149099,0.000648716574411,1,-5.41048254789e-05,7.00725291248e-05,0.30000000007,1.12630476398e-06
0.31,0.00261068700482,-0.00261068700482,0.000696220630885,1,-5.89390295813e-05,7.6793575335e-05,0.310000000085,1.29588618096e-06
0.32,0.00277565958415,-0.00277565958415,0.000746547190795,1,-6.40955047756e-05,8.40035583635e-05,0.320000000102,1.48520047688e-06
0.33,0.00294972931034,-0.00294972931034,0.000799846305885,1,-6.95921659359e-05,9.17314420064e-05,0.330000000122,1.69597127987e-06
0.34,0.00313330515329,-0.00313330515329,0.000856274135571,1,-7.54478457967e-05,0.000100007720647,0.340000000146,1.93003585837e-06
0.35,0.00332680840325,-0.00332680840325,0.000915993087213,1,-8.16823256108e-05,0.000108864481025,0.350000000174,2.18935140685e-06
0.36,0.00353067265613,-0.00353067265613,0.00097917195216,1,-8.83163661618e-05,0.000118335465384,0.360000000206,2.4760016478e-06
0.37,0.0037453437692,-0.0037453437692,0.00104598603693,1,-9.53717390746e-05,0.000128456135956,0.370000000243,2.79220376024e-06
0.38,0.00397127978581,-0.00397127978581,0.00111661728892,1,-0.000102871258364,0.000139263740736,0.380000000287,3.14031564534e-06
0.39,0.00420895082716,-0.00420895082716,0.00119125441587,1,-0.000110838812155,0.000150797380476,0.390000000337,3.5228435394e-06
0.4,0.00445883894958,-0.00445883894958,0.00127009299858,1,-0.000119299394507,0.000163098076844,0.400000000395,3.94244998507e-06
0.41,0.00472143796563,-0.00472143796563,0.00135333559592,1,-0.000128279137268,0.000176208841672,0.410000000461,4.40196217104e-06
0.42,0.00499725322726,-0.00499725322726,0.00144119184161,1,-0.000137805341874,0.000190174747211,0.420000000538,4.90438065108e-06
0.43,0.00528680136946,-0.00528680136946,0.00153387853185,1,-0.000147906511016,0.000205042997316,0.430000000625,5.45288845292e-06
0.44,0.00559061001279,-0.00559061001279,0.00163161970314,1,-0.00015861238009,0.000220862999448,0.440000000725,6.05086058738e-06
0.45,0.00590921742312,-0.00590921742312,0.00173464669941,1,-0.000169953948319,0.000237686437412,0.45000000084,6.70187396839e-06
0.46,0.00624317212723,-0.00624317212723,0.00184319822767,1,-0.000181963509467,0.000255567344702,0.46000000097,7.4097177542e-06
0.47,0.0065930324825,-0.0065930324825,0.00195752040135,1,-0.000194674682038,0.000274562178349,0.470000001119,8.17840411986e-06
0.48,0.00695936619968,-0.00695936619968,0.00207786677054,1,-0.00020812243884,0.000294729893129,0.480000001288,9.01217947121e-06
0.49,0.00734274981699,-0.00734274981699,0.00220449833814,1,-0.000222343135819,0.000316132016013,0.49000000148,9.91553611006e-06
0.5,0.00774376812458,-0.00774376812458,0.00233768356129,1,-0.000237374540025,0.000338832720703,0.500000001697,1.08932243602e-05
0.51,0.00816301353807,-0.00816301353807,0.0024776983369,1,-0.000253255856614,0.000362898902098,0.510000001944,1.19502651634e-05
0.52,0.0086010854201,-0.0086010854201,0.00262482597074,1,-0.000270027754729,0.000388400250545,0.520000002222,1.30919631549e-05
0.53,0.00905858934897,-0.00905858934897,0.00277935712902,1,-0.000287732392155,0.000415409325686,0.530000002537,1.43239202259e-05
0.54,0.00953613633347,-0.00953613633347,0.00294158977156,1,-0.000306413438599,0.000444001629734,0.540000002892,1.56520495825e-05
0.55,0.0100343419733,-0.0100343419733,0.00311182906594,1,-0.000326116097453,0.000474255679988,0.550000003292,1.70825903078e-05
0.56,0.0105538255644,-0.0105538255644,0.00329038728147,1,-0.000346887125914,0.000506253080386,0.560000003742,1.86221224354e-05
0.57,0.0110952091488,-0.0110952091488,0.00347758366233,1,-0.000368774853288,0.000540078591899,0.570000004248,2.02775825395e-05
0.58,0.0116591165088,-0.0116591165088,0.00367374427906,1,-0.000391829197352,0.000575820201551,0.580000004815,2.20562798492e-05
0.59,0.012246172105,-0.012246172105,0.00387920185752,1,-0.000416101678612,0.000613569189834,0.590000005452,2.39659128914e-05
0.6,0.0128569999593,-0.0128569999593,0.00409429558456,1,-0.000441645432291,0.000653420196311,0.600000006165,2.6014586668e-05
0.61,0.0134922224814,-0.0134922224814,0.00431937088968,1,-0.000468515217906,0.000695471283149,0.610000006963,2.82108303694e-05
0.62,0.014152459241,-0.014152459241,0.00455477920202,1,-0.000496767426261,0.000739823996348,0.620000007855,3.05636156305e-05
0.63,0.0148383256853,-0.0148383256853,0.00480087768182,1,-0.000526460083699,0.000786583424414,0.630000008851,3.30823753283e-05
0.64,0.0155504318032,-0.0155504318032,0.00505802892589,1,-0.000557652853453,0.000835858254224,0.640000009962,3.57770229248e-05
0.65,0.0162893807364,-0.0162893807364,0.00532660064644,1,-0.000590407033918,0.000887760823806,0.6500000112,3.86579723545e-05
0.66,0.0170557673399,-0.0170557673399,0.00560696532264,1,-0.000624785553702,0.000942407171782,0.660000012578,4.17361584563e-05
0.67,0.0178501766928,-0.0178501766928,0.00589949982455,1,-0.00066085296327,0.000999917083183,0.670000014111,4.50230579477e-05
0.68,0.0186731825612,-0.0186731825612,0.00620458500887,1,-0.000698675423035,0.00106041413137,0.680000015813,4.85307109389e-05
0.69,0.0195253458144,-0.0195253458144,0.00652260528621,1,-0.00073832068772,0.00112402571576,0.690000017702,5.22717429832e-05
0.7,0.0204072127989,-0.0204072127989,0.00685394815953,1,-0.000779858086846,0.00119088309511,0.700000019796,5.62593876568e-05
0.71,0.0213193136699,-0.0213193136699,0.00719900373355,1,-0.000823358501172,0.00126112141601,0.710000022116,6.05075096639e-05
0.72,0.0222621606847,-0.0222621606847,0.00755816419488,1,-0.000868894334947,0.00133487973636,0.720000024683,6.50306284567e-05
0.73,0.023236246461,-0.023236246461,0.00793182326293,1,-0.000916539483819,0.00141230104345,0.73000002752,6.98439423632e-05
0.74,0.0242420422026,-0.0242420422026,0.00832037561144,1,-0.000966369298248,0.00149353226649,0.740000030653,7.49633532109e-05
0.75,0.025279995896,-0.025279995896,0.00872421626086,1,-0.00101846054229,0.00157872428311,0.75000003411,8.04054914339e-05
0.76,0.0263505304822,-0.0263505304822,0.00914373994162,1,-0.00107289134764,0.00166803191973,0.760000037919,8.61877416511e-05
0.77,0.0274540420076,-0.0274540420076,0.00957934042869,1,-0.00112974116273,0.00176161394536,0.770000042113,9.23282686986e-05
0.78,0.0285908977573,-0.0285908977573,0.0100314098477,1,-0.00118909069685,0.00185963305866,0.780000046727,9.88460441003e-05
0.79,0.0297614343764,-0.0297614343764,0.0105003379532,1,-0.00125102185916,0.00196225586784,0.790000051796,0.000105760872958
0.8,0.0309659559831,-0.0309659559831,0.0109865113792,1,-0.00131561769241,0.00206965286333,0.800000057361,0.000113093421238
0.81,0.0322047322789,-0.0322047322789,0.0114903128638,1,-0.00138296230139,0.00218199838268,0.810000063465,0.000120865243443
0.82,0.0334779966607,-0.0334779966607,0.0120121204469,1,-0.00145314077596,0.00229947056773,0.820000070151,0.000129098810622
0.83,0.0347859443407,-0.0347859443407,0.0125523066439,1,-0.00152623910857,0.00242225131349,0.83000007747,0.000137817538725
0.84,0.0361287304783,-0.0361287304783,0.0131112375467,1,-0.00160234413354,0.00255052622594,0.840000085472,0.000147045814109
0.85,0.0375064683313,-0.0375064683313,0.0136892695947,1,-0.00168154476823,0.00268448539742,0.850000094213,0.000156808867789
0.86,0.0389192274308,-0.0389192274308,0.0142867534994,1,-0.00176392914527,0.0028243216038,0.860000103751,0.000167133109916
0.87,0.0403670317866,-0.0403670317866,0.0149040309148,1,-0.00184958591295,0.00297023108286,0.870000114148,0.000178046011883
0.88,0.0418498581287,-0.0418498581287,0.0155414335017,1,-0.00193860412561,0.00312241343966,0.88000012547,0.000189576135747
0.89,0.0433676341915,-0.0433676341915,0.0161992819782,1,-0.00203107312643,0.00328107154128,0.890000137786,0.000201753164022
0.9,0.0449202370464,-0.0449202370464,0.016877885149,1,-0.00212708242727,0.00344641140367,0.900000151171,0.000214607929254
0.91,0.0465074914903,-0.0465074914903,0.0175775389305,1,-0.00222672157827,0.00361864206572,0.910000165702,0.00022817244419
0.92,0.048129168495,-0.048129168495,0.018298525353,1,-0.00233008003758,0.0037979754572,0.920000181459,0.000242479931316
0.93,0.0497849837251,-0.0497849837251,0.0190411115631,1,-0.00243724703054,0.0039846262533,0.93000019853,0.000257564852955
0.94,0.0514745961298,-0.0514745961298,0.0198055488086,1,-0.00254831140855,0.00417881172249,0.940000217003,0.000273462940694
0.95,0.0531976066171,-0.0531976066171,0.0205920714278,1,-0.00266336149756,0.00438075156089,0.950000236972,0.000290211225287
0.96,0.0549535568135,-0.0549535568135,0.0214008958315,1,-0.00278248494366,0.0045906677179,0.960000258535,0.000307848066149
0.97,0.0567419279192,-0.0567419279192,0.0222322194782,1,-0.00290576855735,0.00480878421397,0.970000281793,0.000326413180166
0.98,0.0585621396623,-0.0585621396623,0.023086219866,1,-0.00303329814414,0.00503532694252,0.980000306851,0.000345947671294
0.99,0.06041354936,-0.06041354936,0.0239630535111,1,-0.00316515834163,0.00527052346878,0.990000333818,0.000366494058517
1.0,0.0622954510912,-0.0622954510912,0.0248628549474,1,-0.00330143244305,0.00551460281278,1.00000036281,0.000388096304474
1.01,0.0642070749884,-0.0642070749884,0.0257857357304,1,-0.00344220222119,0.00576779522511,1.01000039393,0.000410799843132
1.02,0.0661475866522,-0.0661475866522,0.0267317834531,1,-0.00358754774758,0.00603033195239,1.02000042731,0.000434651607032
1.03,0.0681160866961,-0.0681160866961,0.0277010607822,1,-0.00373754720631,0.00630244499181,1.03000046307,0.00045970005419
1.04,0.0701116104253,-0.0701116104253,0.0286936045064,1,-0.00389227670785,0.00658436683827,1.04000050132,0.000485995193967
1.05,0.0721331276549,-0.0721331276549,0.0297094246098,1,-0.00405181009745,0.00687633022068,1.0500005422,0.000513588612514
1.06,0.0741795426724,-0.0741795426724,0.0307485033733,1,-0.00421621875967,0.0071785678283,1.06000058582,0.000542533497636
1.07,0.0762496943485,-0.0762496943485,0.0318107944947,1,-0.00438557142479,0.00749131203097,1.07000063231,0.000572884662299
1.08,0.0783423564006,-0.0783423564006,0.0328962222476,1,-0.00455993396902,0.00781479458811,1.08000068179,0.000604698567761
1.09,0.0804562378116,-0.0804562378116,0.0340046806737,1,-0.00473936921337,0.00814924634951,1.09000073439,0.000638033345766
1.1,0.0825899834087,-0.0825899834087,0.0351360328024,1,-0.00492393672617,0.00849489695149,1.10000079022,0.000672948819042
1.11,0.0847421746035,-0.0847421746035,0.0362901099213,1,-0.0051136926189,0.0088519745017,1.11000084941,0.000709506521497
1.12,0.0869113302969,-0.0869113302969,0.0374667108909,1,-0.00530868934118,0.00922070525637,1.12000091205,0.000747769717366
1.13,0.08909590795,-0.08909590795,0.038665601488,1,-0.00550897548437,0.00960131329659,1.13000097826,0.000787803417962
1.14,0.0912943048229,-0.0912943048229,0.0398865138202,1,-0.00571459557467,0.00999402019117,1.14000104813,0.00082967439864
1.15,0.0935048593812,-0.0935048593812,0.0411291457752,1,-0.00592558987528,0.010399044659,1.15000112174,0.000873451213329
1.16,0.0957258528726,-0.0957258528726,0.0423931605306,1,-0.00614199418749,0.0108166022245,1.16000119917,0.000919204207966
1.17,0.0979555110713,-0.0979555110713,0.0436781861264,1,-0.00636383965047,0.0112469048666,1.17000128048,0.000967005532943
1.18,0.100192006191,-0.100192006191,0.0449838150875,1,-0.00659115254891,0.0116901606668,1.18000136572,0.00101692915324
1.19,0.102433458965,-0.102433458965,0.046309604079,1,-0.00682395413921,0.0121465734648,1.1900014549,0.00106905085454
1.2,0.104677940889,-0.104677940889,0.04765507366,1,-0.00706226046036,0.012616342499,1.20000154804,0.00112344825018
1.21,0.106923476631,-0.106923476631,0.0490197082059,1,-0.00730608209723,0.0130996620084,1.21000164512,0.00118020079458
1.22,0.1091680466,-0.1091680466,0.0504029557366,1,-0.00755542403407,0.0135967208921,1.22000174609,0.00123938978225
1.23,0.111409589663,-0.111409589663,0.0518042278721,1,-0.00781028548378,0.0141077023474,1.23000185088,0.00130109834898
1.24,0.113646006027,-0.113646006027,0.053222899871,1,-0.00807065971671,0.0146327835046,1.24000195938,0.00136541147217
1.25,0.115875160261,-0.115875160261,0.0546583107319,1,-0.0083365339027,0.0151721350664,1.25000207144,0.00143241596793
1.26,0.11809488446,-0.11809488446,0.0561097633847,1,-0.00860788895236,0.0157259209448,1.26000218688,0.00150220048739
1.27,0.120302981547,-0.120302981547,0.057576524959,1,-0.00888469936604,0.0162942978991,1.27000230547,0.00157485551095
1.28,0.122497228708,-0.122497228708,0.059057827116,1,-0.00916693309849,0.0168774151838,1.28000242692,0.00165047333905
1.29,0.124675380945,-0.124675380945,0.0605528664748,1,-0.0094545514243,0.0174754141934,1.29000255091,0.001729148082
1.3,0.126835174751,-0.126835174751,0.0620608051113,1,-0.00974750881592,0.0180884281161,1.30000267704,0.00181097564696
1.31,0.128974331886,-0.128974331886,0.0635807711438,1,-0.0100457528283,0.0187165815899,1.31000280485,0.00189605372314
1.32,0.131090563259,-0.131090563259,0.0651118593905,1,-0.0103492239982,0.0193599903686,1.32000293382,0.00198448176387
1.33,0.133181572899,-0.133181572899,0.0666531309864,1,-0.0106578562986,0.0200187613965,1.33000306335,0.00207636086558
1.34,0.135245062006,-0.135245062006,0.0682036087792,1,-0.010971579656,0.020692994431,1.34000319276,0.00217179324572
1.35,0.137278733076,-0.137278733076,0.0697622928236,1,-0.0112903127097,0.0213827765064,1.35000332127,0.00227088350627
1.36,0.139280294087,-0.139280294087,0.0713281533422,1,-0.0116139667769,0.0220881845039,1.36000344804,0.00237373792289
1.37,0.141247462736,-0.141247462736,0.0729001317902,1,-0.0119424458055,0.0228092848587,1.37000357209,0.00248046441539
1.38,0.14317797072,-0.14317797072,0.074477141998,1,-0.0122756463382,0.0235461332784,1.38000369235,0.00259117251586
1.39,0.145069568038,-0.145069568038,0.07605807139,1,-0.0126134574898,0.0242987744728,1.39000380765,0.00270597333423
1.4,0.146920027325,-0.146920027325,0.0776417822781,1,-0.0129557609376,0.0250672418963,1.40000391666,0.00282497952138
1.41,0.148727148179,-0.148727148179,0.0792271132283,1,-0.0133024309251,0.0258515575036,1.41000401797,0.00294830522974
1.42,0.150488761493,-0.150488761493,0.0808128804976,1,-0.0136533342798,0.0266517315199,1.42000410998,0.00307606607137
1.43,0.152202733766,-0.152202733766,0.0823978795396,1,-0.0140083304439,0.027467762225,1.43000419097,0.00320837907359
1.44,0.153866971386,-0.153866971386,0.0839808865759,1,-0.0143672715205,0.0282996357536,1.44000425908,0.00334536263212
1.45,0.155479424873,-0.155479424873,0.0855606602297,1,-0.0147300023328,0.0291473259108,1.45000431225,0.00348713646167
1.46,0.15703809307,-0.15703809307,0.0871359432208,1,-0.0150963604988,0.0300107940053,1.46000434827,0.00363382154421
1.47,0.158541027267,-0.158541027267,0.0887054641152,1,-0.0154661765194,0.0308899886987,1.47000436476,0.00378554007468
1.48,0.159986335256,-0.159986335256,0.0902679391297,1,-0.0158392738823,0.0317848458735,1.48000435912,0.0039424154044
1.49,0.161372185284,-0.161372185284,0.0918220739851,1,-0.0162154691794,0.0326952885188,1.49000432856,0.004104571982
1.5,0.162696809925,-0.162696809925,0.0933665658049,1,-0.0165945722397,0.033621226635,1.50000427011,0.00427213529215
1.51,0.163958509823,-0.163958509823,0.094900105056,1,-0.016976386276,0.0345625571578,1.51000418053,0.00444523179186
1.52,0.165155657326,-0.165155657326,0.0964213775268,1,-0.0173607080463,0.0355191639015,1.52000405639,0.00462398884462
1.53,0.16628669998,-0.16628669998,0.0979290664337,1,-0.0177473279907,0.0364909174884,1.53000389401,0.00480853466302
1.54,0.167350163882,-0.167350163882,0.0994218546464,1,-0.0181360303477,0.0374776752657,1.54000368947,0.00499899826049
1.55,0.168344656879,-0.168344656879,0.100898426419,1,-0.018526593503,0.0384792814291,1.55000343856,0.00519550934371
1.56,0.169268871605,-0.169268871605,0.102357469451,1,-0.0189187902128,0.0394955670548,1.56000313685,0.00539819823575
1.57,0.170121588341,-0.170121588341,0.103797676996,1,-0.0193123878303,0.040526350142,1.5700027796,0.00560719580004
1.58,0.170901677702,-0.170901677702,0.105217749971,1,-0.0197071485452,0.0415714356782,1.5800023618,0.00582263336261
1.59,0.171608103123,-0.171608103123,0.106616399077,1,-0.0201028296361,0.0426306157239,1.59000187813,0.0060446426324
1.6,0.17223992316,-0.17223992316,0.10799234691,1,-0.0204991837365,0.0437036695204,1.60000132299,0.00627335562002
1.61,0.172796293577,-0.172796293577,0.109344330076,1,-0.0208959591118,0.0447903636172,1.61000069044,0.00650890455482
1.62,0.173276469228,-0.173276469228,0.110671101288,1,-0.0212928999496,0.045890452022,1.61999997424,0.00675142180045
1.63,0.173679805716,-0.173679805716,0.111971431444,1,-0.0216897466595,0.0470036763706,1.62999916781,0.007001039769
1.64,0.174005760839,-0.174005760839,0.113244111694,1,-0.0220862361853,0.048129766118,1.63999826422,0.00725789083389
1.65,0.174253895802,-0.174253895802,0.114487955467,1,-0.0224821023258,0.0492684387505,1.64999725623,0.00752210724141
1.66,0.174423876203,-0.174423876203,0.115701800481,1,-0.0228770760659,0.0504194000171,1.65999613621,0.00779382102131
1.67,0.17451547278,-0.17451547278,0.116884510699,1,-0.0232708859163,0.0515823441818,1.66999489618,0.00807316389624
1.68,0.174528561931,-0.174528561931,0.118034978263,1,-0.0236632582611,0.0527569542948,1.67999352781,0.00836026719046
1.69,0.17446312599,-0.17446312599,0.119152125366,1,-0.024053917713,0.053942902483,1.68999202238,0.00865526173769
1.7,0.174319253267,-0.174319253267,0.120234906082,1,-0.0244425874753,0.0551398502591,1.6999903708,0.00895827778833
1.71,0.174097137848,-0.174097137848,0.121282308135,1,-0.0248289897094,0.0563474488487,1.70998856359,0.00926944491619
1.72,0.17379707916,-0.17379707916,0.122293354614,1,-0.0252128459079,0.0575653395347,1.71998659089,0.00958889192483
1.73,0.173419481299,-0.173419481299,0.123267105618,1,-0.0255938772718,0.058793154019,1.72998444245,0.00991674675359
1.74,0.172964852123,-0.172964852123,0.124202659837,1,-0.0259718050915,0.0600305148,1.73998210761,0.0102531363835
1.75,0.17243380211,-0.17243380211,0.12509915606,1,-0.0263463511301,0.0612770355658,1.74997957535,0.0105981867434
1.76,0.171827042999,-0.171827042999,0.125955774604,1,-0.0267172380096,0.0625323216018,1.75997683421,0.0109520226155
1.77,0.171145386194,-0.171145386194,0.126771738671,1,-0.0270841895968,0.0637959702128,1.76997387236,0.0113147675422
1.78,0.170389740958,-0.170389740958,0.127546315611,1,-0.0274469313909,0.0650675711576,1.77997067755,0.0116865437327
1.79,0.169561112394,-0.169561112394,0.128278818111,1,-0.0278051909093,0.0663467070966,1.78996723717,0.0120674719698
1.8,0.168660599214,-0.168660599214,0.12896860529,1,-0.028158698073,0.0676329540501,1.79996353816,0.0124576715183
1.81,0.167689391316,-0.167689391316,0.129615083702,1,-0.0285071855892,0.068925881868,1.80995956711,0.0128572600336
1.82,0.166648767158,-0.166648767158,0.130217708246,1,-0.0288503893307,0.0702250547078,1.8199553102,0.0132663534708
1.83,0.165540090961,-0.165540090961,0.130775982986,1,-0.0291880487119,0.071530031523,1.82995075323,0.0136850659962
1.84,0.164364809724,-0.164364809724,0.131289461868,1,-0.0295199070593,0.0728403665574,1.83994588161,0.0141135098984
1.85,0.163124450083,-0.163124450083,0.131757749336,1,-0.0298457119774,0.0741556098478,1.84994068038,0.0145517955021
1.86,0.161820615007,-0.161820615007,0.13218050086,1,-0.0301652157074,0.0754753077306,1.85993513422,0.0150000310821
1.87,0.160454980346,-0.160454980346,0.132557423348,1,-0.0304781754792,0.0767990033551,1.86992922742,0.0154583227803
1.88,0.159029291247,-0.159029291247,0.13288827547,1,-0.0307843538555,0.0781262371986,1.87992294395,0.0159267745228
1.89,0.157545358446,-0.157545358446,0.133172867872,1,-0.0310835190671,0.079456547586,1.88991626742,0.0164054879402
1.9,0.156005054433,-0.156005054433,0.133411063291,1,-0.0313754453387,0.0807894712092,1.89990918111,0.0168945622892
1.91,0.154410309531,-0.154410309531,0.133602776567,1,-0.0316599132055,0.0821245436488,1.90990166798,0.0173940943761
1.92,0.152763107869,-0.152763107869,0.133747974557,1,-0.0319367098176,0.0834612998945,1.91989371067,0.0179041784827
1.93,0.151065483283,-0.151065483283,0.133846675948,1,-0.0322056292347,0.0847992748643,1.92988529154,0.018424906295
1.94,0.149319515142,-0.149319515142,0.133898950209,1,-0.0324664679361,0.0861380041922,1.939876393,0.0189563652361
1.95,0.147527324126,-0.147527324126,0.13390492018,1,-0.0327190398717,0.0874770236783,1.94986699646,0.0194986434948
1.96,0.145691067951,-0.145691067951,0.133864757724,1,-0.03296316151,0.0888158711811,1.95985708347,0.0200518245287
1.97,0.143812937067,-0.143812937067,0.133778684825,1,-0.0331986572692,0.090154086523,1.96984663535,0.0206159889387
1.98,0.141895150334,-0.141895150334,0.133646972917,1,-0.0334253597469,0.0914912119891,1.97983563319,0.0211912144104
1.99,0.139939950688,-0.139939950688,0.13346994212,1,-0.0336431099352,0.0928267928179,1.98982405787,0.0217775756573
2.0,0.137949600811,-0.137949600811,0.133247960396,1,-0.0338517574211,0.094160377685,1.99981189012,0.0223751443678
2.01,0.135926378817,-0.135926378817,0.132981442616,1,-0.0340511605709,0.0954915191767,2.00979911047,0.0229839891545
2.02,0.133872573962,-0.133872573962,0.132670849544,1,-0.0342411866996,0.0968197742553,2.01978569931,0.0236041755073
2.03,0.131790482389,-0.131790482389,0.132316686744,1,-0.0344217122238,0.098144704712,2.02977163693,0.0242357657487
2.04,0.129682402929,-0.129682402929,0.131919503418,1,-0.0345926227987,0.0994658776104,2.03975690349,0.0248788189929
2.05,0.127550632949,-0.127550632949,0.131479891159,1,-0.0347538134386,0.100782865716,2.04974147907,0.0255333911082
2.06,0.125397464279,-0.125397464279,0.13099848265,1,-0.0349051886211,0.102095247915,2.05972534371,0.0261995346821
2.07,0.123225179212,-0.123225179212,0.130475950291,1,-0.0350466623742,0.103402609618,2.06970847737,0.0268772989899
2.08,0.12103604659,-0.12103604659,0.129913004767,1,-0.0351781583474,0.104704543149,2.07969086003,0.0275667299669
2.09,0.118832317996,-0.118832317996,0.129310393563,1,-0.0352996098655,0.106000648124,2.08967247166,0.0282678701838
2.1,0.116616224039,-0.116616224039,0.128668899421,1,-0.035410959966,0.10729053181,2.09965329226,0.0289807588251
2.11,0.114389970762,-0.114389970762,0.127989338759,1,-0.0355121614195,0.108573809467,2.10963330186,0.0297054316711
2.12,0.112155736167,-0.112155736167,0.127272560037,1,-0.0356031767346,0.109850104682,2.1196124806,0.0304419210836
2.13,0.10991566687,-0.10991566687,0.126519442091,1,-0.035683978145,0.111119049678,2.12959080869,0.0311902559945
2.14,0.107671874886,-0.107671874886,0.125730892429,1,-0.0357545475814,0.11238028561,2.13956826646,0.031950461898
2.15,0.10542643456,-0.10542643456,0.124907845496,1,-0.0358148766271,0.113633462843,2.1495448344,0.0327225608458
2.16,0.103181379641,-0.103181379641,0.12405126092,1,-0.0358649664578,0.114878241211,2.15952049315,0.0335065714464
2.17,0.100938700509,-0.100938700509,0.123162121728,1,-0.0359048277662,0.116114290265,2.16949522354,0.0343025088667
2.18,0.0987003415515,-0.0987003415515,0.122241432555,1,-0.0359344806709,0.117341289492,2.1794690066,0.0351103848377
2.19,0.0964681987051,-0.0964681987051,0.12129021783,1,-0.0359539546114,0.118558928528,2.18944182363,0.0359302076629
2.2,0.0942441171558,-0.0942441171558,0.120309519965,1,-0.0359632882282,0.119766907341,2.19941365613,0.0367619822302
2.21,0.0920298892037,-0.0920298892037,0.119300397347,1,-0.0359625293739,0.120964936472,2.20938448592,0.0376057100262
2.22,0.0898272522945,-0.0898272522945,0.118263922869,1,-0.0359517346865,0.122152737064,2.21935429509,0.0384613891529
2.23,0.0876378872186,-0.0876378872186,0.11720118196,1,-0.0359309695573,0.123330041047,2.22932306606,0.039329014351
2.24,0.0854634164787,-0.0854634164787,0.11611327078,1,-0.0359003079624,0.124496591262,2.2392907816,0.0402085770235
2.25,0.0833054028268,-0.0833054028268,0.115001294421,1,-0.0358598322784,0.125652141554,2.2492574248,0.0411000652631
2.26,0.0811653479691,-0.0811653479691,0.113866365141,1,-0.0358096330854,0.126796456856,2.25922297917,0.0420034638817
2.27,0.0790446914395,-0.0790446914395,0.112709600604,1,-0.0357498089601,0.127929313252,2.26918742858,0.0429187544433
2.28,0.0769448096398,-0.0769448096398,0.111532122153,1,-0.0356804662583,0.129050498018,2.27915075734,0.0438459152994
2.29,0.0748670150445,-0.0748670150445,0.110335053112,1,-0.0356017188873,0.130159809658,2.28911295016,0.0447849216267
2.3,0.0728125555687,-0.0728125555687,0.109119517107,1,-0.03551368807,0.131257057905,2.29907399223,0.0457357454678
2.31,0.0707826140965,-0.0707826140965,0.107886636439,1,-0.0354165020993,0.132342063728,2.30903386918,0.046698355774
2.32,0.0687783081656,-0.0687783081656,0.106637530476,1,-0.0353102960857,0.133414659298,2.31899256711,0.0476727184507
2.33,0.0668006898066,-0.0668006898066,0.105373314103,1,-0.0351952116974,0.134474687962,2.32895007262,0.0486587964048
2.34,0.0648507455311,-0.0648507455311,0.104095096196,1,-0.035071396893,0.135522004182,2.33890637282,0.0496565495946
2.35,0.0629293964662,-0.0629293964662,0.102803978158,1,-0.0349390056497,0.136556473475,2.34886145531,0.0506659350815
2.36,0.0610374986296,-0.0610374986296,0.101501052491,1,-0.0347981976845,0.137577972324,2.35881530825,0.0516869070836
2.37,0.0591758433406,-0.0591758433406,0.100187401422,1,-0.0346491381726,0.138586388087,2.3687679203,0.0527194170317
2.38,0.0573451577631,-0.0573451577631,0.098864095582,1,-0.0344919974602,0.139581618886,2.3787192807,0.0537634136266
2.39,0.0555461055732,-0.0555461055732,0.097532192733,1,-0.0343269507747,0.140563573483,2.38866937922,0.0548188428979
2.4,0.0537792877475,-0.0537792877475,0.0961927365548,1,-0.0341541779321,0.141532171149,2.39861820619,0.055885648265
2.41,0.0520452434654,-0.0520452434654,0.0948467554853,1,-0.0339738630427,0.142487341514,2.40856575254,0.056963770599
2.42,0.05034445112,-0.05034445112,0.0934952616183,1,-0.0337861942142,0.14342902441,2.41851200974,0.0580531482866
2.43,0.0486773294308,-0.0486773294308,0.0921392496599,1,-0.0335913632553,0.144357169704,2.42845696986,0.0591537172943
2.44,0.0470442386523,-0.0470442386523,0.0907796959439,1,-0.0333895653783,0.145271737116,2.43840062553,0.0602654112346
2.45,0.0454454818725,-0.0454454818725,0.0894175575062,1,-0.0331809989021,0.146172696034,2.44834297,0.061388161433
2.46,0.0438813063941,-0.0438813063941,0.0880537712201,1,-0.0329658649563,0.147060025313,2.45828399709,0.0625218969957
2.47,0.0423519051931,-0.0423519051931,0.0866892529916,1,-0.032744367187,0.147933713073,2.4682237012,0.0636665448785
2.48,0.0408574184465,-0.0408574184465,0.0853248970145,1,-0.0325167114642,0.148793756483,2.47816207733,0.0648220299565
2.49,0.039397935125,-0.039397935125,0.0839615750871,1,-0.0322831055917,0.149640161542,2.48809912109,0.0659882750937
2.5,0.0379734946421,-0.0379734946421,0.0826001359879,1,-0.0320437590208,0.150472942851,2.49803482864,0.0671652012141
2.51,0.0365840885546,-0.0365840885546,0.0812414049113,1,-0.0317988825669,0.151292123381,2.50796919674,0.068352727373
2.52,0.0352296623074,-0.0352296623074,0.0798861829634,1,-0.0315486881302,0.152097734232,2.51790222276,0.0695507708278
2.53,0.0339101170168,-0.0339101170168,0.0785352467149,1,-0.0312933884213,0.152889814393,2.52783390462,0.0707592471104
2.54,0.0326253112862,-0.0326253112862,0.0771893478127,1,-0.0310331966908,0.153668410493,2.53776424081,0.0719780700989
2.55,0.0313750630476,-0.0313750630476,0.0758492126484,1,-0.0307683264658,0.154433576552,2.54769323041,0.0732071520896
2.56,0.030159151424,-0.030159151424,0.0745155420818,1,-0.0304989912901,0.155185373724,2.55762087307,0.0744464038687
2.57,0.0289773186059,-0.0289773186059,0.0731890112195,1,-0.030225404472,0.155923870042,2.56754716896,0.0756957347847
2.58,0.0278292717373,-0.0278292717373,0.0718702692471,1,-0.0299477788378,0.156649140161,2.57747211884,0.0769550528197
2.59,0.0267146848056,-0.0267146848056,0.0705599393124,1,-0.0296663264921,0.157361265096,2.58739572399,0.0782242646607
2.6,0.0256332005297,-0.0256332005297,0.06925861846,1,-0.0293812585849,0.158060331962,2.59731798623,0.0795032757713
2.61,0.0245844322423,-0.0245844322423,0.0679668776144,1,-0.0290927850864,0.158746433715,2.6072389079,0.0807919904616
2.62,0.0235679657608,-0.0235679657608,0.0666852616103,1,-0.0288011145685,0.159419668888,2.61715849187,0.082090311959
2.63,0.0225833612428,-0.0225833612428,0.0654142892689,1,-0.0285064539948,0.16008014133,2.62707674149,0.0833981424774
2.64,0.0216301550221,-0.0216301550221,0.0641544535178,1,-0.0282090085182,0.16072795995,2.63699366063,0.0847153832864
2.65,0.0207078614204,-0.0207078614204,0.0629062215527,1,-0.0279089812859,0.161363238458,2.64690925363,0.0860419347795
2.66,0.0198159745315,-0.0198159745315,0.0616700350399,1,-0.0276065732533,0.161986095104,2.65682352529,0.0873776965415
2.67,0.0189539699748,-0.0189539699748,0.0604463103569,1,-0.0273019830064,0.162596652431,2.6667364809,0.0887225674155
2.68,0.0181213066136,-0.0181213066136,0.0592354388689,1,-0.0269954065916,0.163195037018,2.67664812617,0.0900764455684
2.69,0.0173174282368,-0.0173174282368,0.0580377872405,1,-0.0266870373545,0.163781379236,2.68655846728,0.091439228556
2.7,0.016541765199,-0.016541765199,0.0568536977795,1,-0.0263770657878,0.164355812996,2.69646751079,0.0928108133872
2.71,0.0157937360191,-0.0157937360191,0.0556834888112,1,-0.0260656793866,0.164918475516,2.70637526369,0.0941910965861
2.72,0.0150727489327,-0.0150727489327,0.0545274550816,1,-0.0257530625129,0.165469507076,2.71628173339,0.0955799742548
2.73,0.014378203398,-0.014378203398,0.0533858681868,1,-0.0254393962688,0.166009050789,2.72618692765,0.0969773421333
2.74,0.0137094915516,-0.0137094915516,0.0522589770272,1,-0.0251248583778,0.166537252367,2.73609085462,0.0983830956597
2.75,0.0130659996148,-0.0130659996148,0.0511470082843,1,-0.0248096230745,0.167054259902,2.7459935228,0.0997971300283
2.76,0.0124471092468,-0.0124471092468,0.0500501669184,1,-0.0244938610035,0.167560223643,2.75589494103,0.101219340247
2.77,0.0118521988453,-0.0118521988453,0.0489686366854,1,-0.0241777391255,0.168055295782,2.76579511849,0.102649621192
2.78,0.011280644793,-0.011280644793,0.0479025806696,1,-0.0238614206324,0.168539630245,2.77569406467,0.104087867665
2.79,0.0107318226484,-0.0107318226484,0.0468521418328,1,-0.0235450648702,0.169013382486,2.78559178937,0.105533974445
2.8,0.0102051082825,-0.0102051082825,0.045817443576,1,-0.0232288272702,0.169476709292,2.79548830265,0.106987836339
2.81,0.00969987895859,-0.00969987895859,0.0447985903129,1,-0.0229128592877,0.169929768589,2.80538361488,0.108449348235
2.82,0.00921551435708,-0.00921551435708,0.0437956680536,1,-0.0225973083482,0.170372719253,2.81527773668,0.10991840515
2.83,0.00875139754405,-0.00875139754405,0.0428087449954,1,-0.0222823178019,0.170805720932,2.8251706789,0.11139490228
2.84,0.0083069158844,-0.0083069158844,0.0418378721217,1,-0.0219680268849,0.171228933869,2.83506245265,0.112878735043
2.85,0.00788146189975,-0.00788146189975,0.0408830838045,1,-0.021654570688,0.171642518733,2.84495306924,0.114369799126
2.86,0.00747443407167,-0.00747443407167,0.0399443984114,1,-0.0213420801316,0.172046636456,2.85484254019,0.115867990532
2.87,0.00708523759091,-0.00708523759091,0.039021818914,1,-0.0210306819489,0.172441448078,2.86473087724,0.117373205616
2.88,0.00671328505332,-0.00671328505332,0.0381153334974,1,-0.0207204986741,0.172827114592,2.87461809226,0.118885341131
2.89,0.00635799710359,-0.00635799710359,0.0372249161688,1,-0.0204116486382,0.173203796805,2.88450419734,0.120404294265
2.9,0.00601880302765,-0.00601880302765,0.0363505273643,1,-0.02010424597,0.173571655192,2.8943892047,0.121929962681
2.91,0.00569514129491,-0.00569514129491,0.0354921145522,1,-0.0197984006034,0.17393084977,2.90427312669,0.123462244553
2.92,0.00538646005162,-0.00538646005162,0.0346496128328,1,-0.0194942182905,0.174281539968,2.91415597582,0.1250010386
2.93,0.00509221756666,-0.00509221756666,0.033822945532,1,-0.0191918006203,0.174623884505,2.9240377647,0.126546244123
2.94,0.00481188263109,-0.00481188263109,0.0330120247889,1,-0.0188912450416,0.17495804128,2.93391850606,0.128097761034
2.95,0.00454493491291,-0.00454493491291,0.0322167521366,1,-0.0185926448923,0.175284167258,2.94379821272,0.12965548989
2.96,0.00429086526869,-0.00429086526869,0.0314370190737,1,-0.0182960894321,0.17560241837,2.95367689757,0.131219331922
2.97,0.00404917601339,-0.00404917601339,0.0306727076281,1,-0.0180016638809,0.175912949413,2.96355457359,0.132789189063
2.98,0.00381938115022,-0.00381938115022,0.0299236788583,1,-0.0177094521612,0.176215918278,2.97343125411,0.134364961962
2.99,0.003601006562,-0.003601006562,0.0291898092467,1,-0.0174195286889,0.176511473019,2.98330695195,0.135946555935
3.0,0.00339359016572,-0.00339359016572,0.0284709556894,1,-0.0171319668252,0.176799764507,2.99318168025,0.137533875178
3.01,0.00319668203215,-0.00319668203215,0.0277669677595,1,-0.0168468360826,0.177080942142,3.00305545219,0.139126824693
3.02,0.00300984447182,-0.00300984447182,0.027077688215,1,-0.0165642021817,0.177355153788,3.01292828095,0.140725310304
3.03,0.00283265208955,-0.00283265208955,0.0264029534948,1,-0.0162841271108,0.177622545704,3.02280017974,0.142329238683
3.04,0.00266469180875,-0.00266469180875,0.0257425942006,1,-0.0160066691886,0.177883262485,3.03267116177,0.143938517368
3.05,0.00250556286759,-0.00250556286759,0.025096435566,1,-0.0157318831295,0.178137447002,3.04254124024,0.14555305478
3.06,0.00235487678837,-0.00235487678837,0.024464297912,1,-0.0154598201109,0.178385240359,3.05241042836,0.14717276024
3.07,0.00221225732205,-0.00221225732205,0.0238459970881,1,-0.0151905278435,0.178626781836,3.06227873931,0.148797543989
3.08,0.00207734036935,-0.00207734036935,0.0232413448999,1,-0.0149240506425,0.178862208855,3.07214618622,0.150427317198
3.09,0.00194977388011,-0.00194977388011,0.0226501495218,1,-0.014660429502,0.179091656934,3.08201278221,0.152061991985
3.1,0.0018292177326,-0.0018292177326,0.0220722158958,1,-0.0143997021692,0.179315259661,3.09187854036,0.153701481424
3.11,0.00171534359405,-0.00171534359405,0.0215073461156,1,-0.0141419032217,0.179533148657,3.10174347369,0.155345699564
3.12,0.00160783476427,-0.00160783476427,0.020955339796,1,-0.0138870641449,0.17974545355,3.11160759517,0.15699456143
3.13,0.00150638600346,-0.00150638600346,0.0204159944283,1,-0.0136352134107,0.179952301957,3.1214709177,0.15864798304
3.14,0.00141070334595,-0.00141070334595,0.0198891057211,1,-0.0133863765575,0.180153819458,3.13133345413,0.16030588141
3.15,0.001320503901,-0.001320503901,0.0193744679262,1,-0.0131405762697,0.180350129585,3.14119521721,0.161968174564
3.16,0.00123551564213,-0.00123551564213,0.018871874151,1,-0.0128978324592,0.180541353807,3.15105621964,0.163634781539
3.17,0.00115547718627,-0.00115547718627,0.0183811166566,1,-0.0126581623463,0.180727611517,3.16091647401,0.165305622391
3.18,0.00108013756382,-0.00108013756382,0.0179019871414,1,-0.0124215805407,0.180909020032,3.17077599285,0.166980618201
3.19,0.00100925598102,-0.00100925598102,0.0174342770115,1,-0.0121880991233,0.181085694582,3.18063478858,0.168659691079
3.2,0.000942601575489,-0.000942601575489,0.0169777776375,1,-0.0119577277274,0.181257748312,3.19049287351,0.170342764166
3.21,0.000879953166278,-0.000879953166278,0.0165322805977,1,-0.0117304736196,0.18142529228,3.20035025987,0.172029761638
3.22,0.000821098999246,-0.000821098999246,0.0160975779084,1,-0.0115063417807,0.181588435466,3.21020695978,0.173720608707
3.23,0.000765836488846,-0.000765836488846,0.0156734622412,1,-0.0112853349861,0.181747284769,3.22006298524,0.175415231624
3.24,0.000713971957185,-0.000713971957185,0.0152597271285,1,-0.0110674538852,0.181901945023,3.22991834815,0.177113557677
3.25,0.000665320371245,-0.000665320371245,0.0148561671553,1,-0.0108526970812,0.182052519,3.23977306028,0.17881551519
3.26,0.000619705079051,-0.000619705079051,0.0144625781409,1,-0.0106410612086,0.182199107426,3.24962713331,0.180521033526
3.27,0.000576957545561,-0.000576957545561,0.0140787573078,1,-0.0104325410112,0.182341808992,3.25948057876,0.182230043081
3.28,0.000536917088988,-0.000536917088988,0.0137045034393,1,-0.0102271294188,0.182480720367,3.26933340805,0.183942475285
3.29,0.00049943061819,-0.00049943061819,0.0133396170271,1,-0.0100248176222,0.18261593622,3.27918563246,0.185658262597
3.3,0.000464352371764,-0.000464352371764,0.0129839004074,1,-0.00982559514819,0.182747549232,3.28903726317,0.187377338503
3.31,0.000431543659391,-0.000431543659391,0.0126371578874,1,-0.00962944993255,0.182875650118,3.2988883112,0.189099637513
3.32,0.000400872605943,-0.000400872605943,0.0122991958612,1,-0.00943636839231,0.183000327647,3.30873878745,0.190825095152
3.33,0.000372213898844,-0.000372213898844,0.0119698229172,1,-0.00924633549655,0.183121668663,3.31858870268,0.192553647963
3.34,0.000345448539089,-0.000345448539089,0.0116488499351,1,-0.00905933483593,0.183239758106,3.32843806752,0.194285233494
3.35,0.000320463596331,-0.000320463596331,0.0113360901755,1,-0.00887534869082,0.183354679039,3.33828689247,0.196019790295
3.36,0.000297151968359,-0.000297151968359,0.0110313593593,1,-0.0086943580981,0.183466512668,3.34813518788,0.197757257915
3.37,0.000275412145304,-0.000275412145304,0.0107344757408,1,-0.00851634291646,0.183575338372,3.35798296398,0.19949757689
3.38,0.000255147978814,-0.000255147978814,0.0104452601718,1,-0.00834128189025,0.183681233723,3.36783023083,0.20124068874
3.39,0.000236268456463,-0.000236268456463,0.0101635361584,1,-0.00816915271184,0.183784274515,3.37767699839,0.20298653596
3.4,0.000218687481584,-0.000218687481584,0.00988912991156,1,-0.00799993208245,0.183884534793,3.38752327646,0.204735062013
3.41,0.000202323658698,-0.000202323658698,0.00962187038981,1,-0.00783359577144,0.183982086875,3.39736907468,0.206486211323
3.42,0.000187100084688,-0.000187100084688,0.00936158933628,1,-0.0076701186741,0.184077001386,3.40721440259,0.208239929262
3.43,0.000172944145834,-0.000172944145834,0.00910812130936,1,-0.00750947486778,0.184169347279,3.41705926957,0.209996162149
3.44,0.000159787320786,-0.000159787320786,0.00886130370764,1,-0.00735163766656,0.184259191869,3.42690368484,0.211754857236
3.45,0.000147564989559,-0.000147564989559,0.00862097678934,1,-0.00719657967428,0.184346600861,3.43674765752,0.213515962698
3.46,0.000136216248567,-0.000136216248567,0.00838698368664,1,-0.00704427283599,0.184431638373,3.44659119655,0.21527942763
3.47,0.000125683731742,-0.000125683731742,0.0081591704151,1,-0.0068946884879,0.184514366972,3.45643431077,0.217045202031
3.48,0.000115913437712,-0.000115913437712,0.00793738587847,1,-0.00674779740567,0.1845948477,3.46627700884,0.218813236797
3.49,0.000106854563036,-0.000106854563036,0.00772148186923,1,-0.00660356985122,0.1846731401,3.47611929931,0.220583483712
3.5,9.84593414611e-05,-9.84593414611e-05,0.00751131306511,1,-0.00646197561796,0.18474930225,3.48596119058,0.222355895437
3.51,9.0682889136e-05,-9.0682889136e-05,0.00730673702175,1,-0.00632298407446,0.184823390787,3.49580269091,0.2241304255
3.52,8.34830557335e-05,-8.34830557335e-05,0.00710761416193,1,-0.00618656420667,0.184895460941,3.50564380844,0.225907028286
3.53,7.68202813922e-05,-7.68202813922e-05,0.00691380776146,1,-0.00605268465852,0.184965566558,3.51548455115,0.227685659027
3.54,7.06574593938e-05,-7.06574593938e-05,0.00672518393202,1,-0.00592131377116,0.185033760133,3.52532492691,0.229466273791
3.55,6.49598044749e-05,-6.49598044749e-05,0.00654161160118,1,-0.00579241962067,0.185100092833,3.53516494342,0.231248829469
3.56,5.96947266644e-05,-5.96947266644e-05,0.00636296248988,1,-0.0056659700543,0.185164614533,3.54500460829,0.23303328377
3.57,5.48317105309e-05,-5.48317105309e-05,0.00618911108736,1,-0.00554193272533,0.185227373836,3.55484392897,0.234819595207
3.58,5.03421997153e-05,-5.03421997153e-05,0.00601993462403,1,-0.00542027512653,0.185288418105,3.56468291278,0.236607723084
3.59,4.61994866206e-05,-4.61994866206e-05,0.00585531304229,1,-0.00530096462221,0.185347793488,3.57452156693,0.23839762749
3.6,4.23786071227e-05,-4.23786071227e-05,0.00569512896544,1,-0.00518396847896,0.185405544946,3.58435989848,0.240189269285
3.61,3.88562401648e-05,-3.88562401648e-05,0.00553926766504,1,-0.00506925389507,0.185461716281,3.59419791436,0.241982610089
3.62,3.56106120923e-05,-3.56106120923e-05,0.00538761702671,1,-0.00495678802863,0.18551635016,3.6040356214,0.243777612274
3.63,3.26214055845e-05,-3.26214055845e-05,0.0052400675146,1,-0.00484653802434,0.185569488141,3.61387302629,0.245574238949
3.64,2.98696730355e-05,-2.98696730355e-05,0.0050965121347,1,-0.00473847103921,0.185621170701,3.62371013558,0.247372453954
3.65,2.73377542376e-05,-2.73377542376e-05,0.00495684639706,1,-0.00463255426689,0.185671437259,3.63354695573,0.249172221844
3.66,2.5009198218e-05,-2.5009198218e-05,0.00482096827712,1,-0.00452875496094,0.185720326201,3.64338349306,0.25097350788
3.67,2.28686890808e-05,-2.28686890808e-05,0.00468877817623,1,-0.00442704045689,0.185767874906,3.65321975376,0.252776278023
3.68,2.09019757066e-05,-2.09019757066e-05,0.00456017888535,1,-0.00432737819448,0.185814119766,3.66305574394,0.254580498914
3.69,1.90958051622e-05,-1.90958051622e-05,0.00443507554914,1,-0.00422973573928,0.185859096212,3.67289146954,0.256386137877
3.7,1.74378596754e-05,-1.74378596754e-05,0.00431337561606,1,-0.00413408079888,0.185902838736,3.68272693645,0.258193162895
3.71,1.59166970303e-05,-1.59166970303e-05,0.00419498879649,1,-0.00404038124057,0.185945380917,3.69256215038,0.260001542607
3.72,1.45216942419e-05,-1.45216942419e-05,0.004079827021,1,-0.00394860510819,0.185986755441,3.70239711697,0.261811246292
3.73,1.32429943714e-05,-1.32429943714e-05,0.00396780439837,1,-0.0038587206379,0.186026994127,3.71223184175,0.263622243862
3.74,1.20714563431e-05,-1.20714563431e-05,0.00385883717353,1,-0.00377069627312,0.186066127942,3.72206633012,0.265434505848
3.75,1.09986076324e-05,-1.09986076324e-05,0.00375284368547,1,-0.00368450067854,0.18610418703,3.73190058738,0.267248003395
3.76,1.00165996915e-05,-1.00165996915e-05,0.00364974432525,1,-0.00360010275322,0.186141200726,3.74173461874,0.269062708245
3.77,9.11816598673e-06,-9.11816598673e-06,0.00354946149401,1,-0.00351747164288,0.18617719758,3.75156842929,0.270878592732
3.78,8.29658252401e-06,-8.29658252401e-06,0.00345191956122,1,-0.00343657675139,0.186212205376,3.76140202401,0.272695629769
3.79,7.54563074081e-06,-7.54563074081e-06,0.00335704482318,1,-0.00335738775145,0.186246251152,3.7712354078,0.274513792841
3.8,6.85956264901e-06,-6.85956264901e-06,0.00326476546065,1,-0.00327987459406,0.186279361217,3.78106858546,0.276333055989
3.81,6.23306811516e-06,-6.23306811516e-06,0.00317501145569,1,-0.00320400749982,0.186311561189,3.79090156167,0.278153393792
3.82,5.66124416908e-06,-5.66124416908e-06,0.0030877146417,1,-0.00312975700483,0.186342875976,3.80073434103,0.279974781383
3.83,5.13956623546e-06,-5.13956623546e-06,0.00300280861569,1,-0.00305709394955,0.186373329817,3.81056692805,0.281797194426
3.84,4.66386118682e-06,-4.66386118682e-06,0.00292022869855,1,-0.00298598948588,0.18640294629,3.82039932713,0.283620609108
3.85,4.2302821202e-06,-4.2302821202e-06,0.00283991189575,1,-0.00291641508378,0.186431748341,3.8302315426,0.285445002125
3.86,3.83528476353e-06,-3.83528476353e-06,0.00276179685851,1,-0.00284834253714,0.186459758289,3.84006357867,0.287270350675
3.87,3.47560542171e-06,-3.47560542171e-06,0.00268582384554,1,-0.00278174396922,0.186486997852,3.8498954395,0.28909663245
3.88,3.14824037586e-06,-3.14824037586e-06,0.00261193468528,1,-0.00271659183742,0.186513488155,3.85972712912,0.290923825625
3.89,2.8504266531e-06,-2.8504266531e-06,0.0025400727387,1,-0.0026528589376,0.186539249751,3.8695586515,0.292751908848
3.9,2.57962408781e-06,-2.57962408781e-06,0.00247018286268,1,-0.00259051840789,0.186564302634,3.87939001053,0.294580861236
3.91,2.33349859876e-06,-2.33349859876e-06,0.00240221137397,1,-0.00252954373194,0.186588666254,3.88922121001,0.296410662358
3.92,2.10990661015e-06,-2.10990661015e-06,0.00233610601382,1,-0.00246990874183,0.186612359531,3.89905225365,0.298241292234
3.93,1.90688054792e-06,-1.90688054792e-06,0.00227181591308,1,-0.00241158762046,0.18663540087,3.90888314509,0.300072731324
3.94,1.72261534593e-06,-1.72261534593e-06,0.00220929155807,1,-0.00235455490355,0.186657808172,3.91871388789,0.301904960516
3.95,1.55545589996e-06,-1.55545589996e-06,0.002148484757,1,-0.0022987854812,0.186679598853,3.92854448553,0.303737961123
3.96,1.40388541064e-06,-1.40388541064e-06,0.00208934860701,1,-0.00224425459918,0.186700789851,3.93837494143,0.30557171487
3.97,1.26651455908e-06,-1.26651455908e-06,0.00203183746192,1,-0.00219093785971,0.186721397643,3.94820525891,0.30740620389
3.98,1.14207146252e-06,-1.14207146252e-06,0.0019759069005,1,-0.00213881122201,0.186741438254,3.95803544123,0.309241410714
3.99,1.02939235949e-06,-1.02939235949e-06,0.00192151369554,1,-0.00208785100248,0.186760927272,3.96786549159,0.311077318262
4.0,9.27412977145e-07,-9.27412977145e-07,0.00186861578337,1,-0.00203803387459,0.186779879859,3.9776954131,0.312913909837
4.01,8.35160535871e-07,-8.35160535871e-07,0.00181717223418,1,-0.00198933686846,0.186798310761,3.98752520881,0.314751169116
4.02,7.51746348782e-07,-7.51746348782e-07,0.00176714322288,1,-0.00194173737017,0.186816234321,3.99735488171,0.316589080145
4.03,6.76358976147e-07,-6.76358976147e-07,0.00171849000064,1,-0.00189521312082,0.186833664488,4.00718443472,0.318427627329
4.04,6.08257897105e-07,-6.08257897105e-07,0.00167117486697,1,-0.00184974221534,0.186850614832,4.01701387068,0.320266795424
4.05,5.46767663231e-07,-5.46767663231e-07,0.00162516114258,1,-0.00180530310104,0.186867098547,4.02684319238,0.322106569533
4.06,4.91272500608e-07,-4.91272500608e-07,0.00158041314267,1,-0.00176187457599,0.186883128467,4.03667240256,0.323946935097
4.07,4.41211329067e-07,-4.41211329067e-07,0.00153689615095,1,-0.00171943578719,0.186898717076,4.04650150387,0.325787877887
4.08,3.96073169202e-07,-3.96073169202e-07,0.00149457639425,1,-0.00167796622847,0.186913876512,4.05633049892,0.327629384
4.09,3.55392909549e-07,-3.55392909549e-07,0.00145342101766,1,-0.00163744573834,0.186928618583,4.06615939027,0.32947143985
4.1,3.18747408072e-07,-3.18747408072e-07,0.00141339806034,1,-0.00159785449753,0.186942954771,4.07598818039,0.331314032161
4.11,2.85751903737e-07,-2.85751903737e-07,0.00137447643181,1,-0.00155917302652,0.186956896244,4.08581687172,0.333157147964
4.12,2.56056715509e-07,-2.56056715509e-07,0.00133662588893,1,-0.00152138218279,0.186970453863,4.09564546664,0.335000774586
4.13,2.29344207577e-07,-2.29344207577e-07,0.0012998170133,1,-0.00148446315801,0.18698363819,4.10547396747,0.336844899647
4.14,2.05326001018e-07,-2.05326001018e-07,0.00126402118935,1,-0.00144839747509,0.186996459498,4.11530237649,0.338689511051
4.15,1.83740413426e-07,-1.83740413426e-07,0.00122921058287,1,-0.00141316698511,0.187008927776,4.12513069591,0.340534596984
4.16,1.64350109258e-07,-1.64350109258e-07,0.00119535812009,1,-0.00137875386415,0.187021052742,4.13495892789,0.342380145905
4.17,1.46939944855e-07,-1.46939944855e-07,0.00116243746735,1,-0.00134514060997,0.187032843843,4.14478707457,0.34422614654
4.18,1.31314993161e-07,-1.31314993161e-07,0.00113042301116,1,-0.00131231003872,0.187044310269,4.15461513801,0.346072587877
4.19,1.17298734251e-07,-1.17298734251e-07,0.00109928983889,1,-0.0012802452814,0.187055460957,4.16444312023,0.347919459161
4.2,1.0473139869e-07,-1.0473139869e-07,0.00106901371988,1,-0.00124892978042,0.187066304596,4.1742710232,0.349766749889
4.21,9.34684517482e-08,-9.34684517482e-08,0.001039571087,1,-0.00121834728594,0.187076849639,4.18409884886,0.351614449802
4.22,8.3379207264e-08,-8.3379207264e-08,0.00101093901879,1,-0.00118848185226,0.187087104306,4.19392659909,0.353462548882
4.23,7.43455608422e-08,-7.43455608422e-08,0.000983095221957,1,-0.0011593178341,0.187097076589,4.20375427574,0.355311037345
4.24,6.62608327628e-08,-6.62608327628e-08,0.000956018104699,1,-0.00113083994823,0.187106774231,4.21358188058,0.357159905678
4.25,5.90287117225e-08,-5.90287117225e-08,0.000929686629527,1,-0.00110303317711,0.187116204773,4.22340941538,0.359009144574
4.26,5.25622911784e-08,-5.25622911784e-08,0.000904080277343,1,-0.00107588274918,0.187125375569,4.23323688185,0.360858744922
4.27,4.67831906799e-08,-4.67831906799e-08,0.000879179092274,1,-0.00104937417813,0.187134293774,4.24306428167,0.362708697823
4.28,4.16207551574e-08,-4.16207551574e-08,0.000854963666351,1,-0.00102349325902,0.187142966344,4.25289161647,0.36455899459
4.29,3.70113256665e-08,-3.70113256665e-08,0.000831415124591,1,-0.000998226064363,0.187151400042,4.26271888785,0.366409626743
4.3,3.28975755939e-08,-3.28975755939e-08,0.000808515110476,1,-0.000973558940205,0.187159601449,4.27254609738,0.368260586
4.31,2.92279067912e-08,-2.92279067912e-08,0.000786245771817,1,-0.00094947850218,0.187167576959,4.28237324657,0.370111864278
4.32,2.59559005405e-08,-2.59559005405e-08,0.000764589746987,1,-0.000925971631573,0.187175332797,4.29220033691,0.371963453686
4.33,2.30398186545e-08,-2.30398186545e-08,0.000743530151534,1,-0.000903025471365,0.18718287501,4.30202736986,0.37381534652
4.34,2.04421503922e-08,-2.04421503922e-08,0.000723050565135,1,-0.00088062742229,0.187190209483,4.31185434683,0.375667535262
4.35,1.81292012122e-08,-1.81292012122e-08,0.000703135018914,1,-0.00085876513888,0.187197341937,4.32168126921,0.37752001257
4.36,1.60707197135e-08,-1.60707197135e-08,0.000683767983089,1,-0.000837426525531,0.187204277936,4.33150813835,0.37937277128
4.37,1.42395594058e-08,-1.42395594058e-08,0.000664934354959,1,-0.000816599732566,0.187211022891,4.34133495557,0.381225804401
4.38,1.26113722308e-08,-1.26113722308e-08,0.000646619447207,1,-0.000796273152319,0.187217582064,4.35116172215,0.383079105107
4.39,1.11643310089e-08,-1.11643310089e-08,0.000628808976522,1,-0.00077643541523,0.187223960571,4.36098843936,0.384932666737
4.4,9.87887822071e-09,-9.87887822071e-09,0.00061148905253,1,-0.000757075385958,0.187230163388,4.37081510842,0.386786482791
4.41,8.73749875351e-09,-8.73749875351e-09,0.00059464616702,1,-0.000738182159515,0.187236195355,4.38064173053,0.388640546923
4.42,7.72451443811e-09,-7.72451443811e-09,0.000578267183465,1,-0.000719745057421,0.187242061177,4.39046830686,0.390494852944
4.43,6.82589839175e-09,-6.82589839175e-09,0.000562339326823,1,-0.000701753623881,0.18724776543,4.40029483854,0.392349394811
4.44,6.02910734967e-09,-6.02910734967e-09,0.00054685017362,1,-0.000684197621999,0.187253312564,4.4101213267,0.394204166628
4.45,5.32293032616e-09,-5.32293032616e-09,0.000531787642298,1,-0.000667067030001,0.187258706908,4.41994777242,0.396059162643
4.46,4.69735209024e-09,-4.69735209024e-09,0.000517139983828,1,-0.000650352037509,0.187263952668,4.42977417676,0.397914377242
4.47,4.1434300732e-09,-4.1434300732e-09,0.000502895772577,1,-0.000634043041831,0.187269053939,4.43960054075,0.399769804948
4.48,3.65318344762e-09,-3.65318344762e-09,0.000489043897424,1,-0.000618130644291,0.187274014699,4.4494268654,0.401625440417
4.49,3.21949322909e-09,-3.21949322909e-09,0.000475573553121,1,-0.000602605646589,0.187278838818,4.4592531517,0.403481278433
4.5,2.83601235429e-09,-2.83601235429e-09,0.000462474231882,1,-0.000587459047203,0.187283530061,4.46907940062,0.405337313911
4.51,2.49708478358e-09,-2.49708478358e-09,0.000449735715212,1,-0.000572682037819,0.187288092087,4.47890561308,0.407193541886
4.52,2.19767276176e-09,-2.19767276176e-09,0.000437348065952,1,-0.000558265999806,0.187292528455,4.48873179001,0.409049957516
4.53,1.93329145008e-09,-1.93329145008e-09,0.000425301620545,1,-0.000544202500724,0.187296842626,4.49855793229,0.410906556077
4.54,1.69995021425e-09,-1.69995021425e-09,0.000413586981509,1,-0.000530483290876,0.187301037967,4.5083840408,0.412763332962
4.55,1.49409991936e-09,-1.49409991936e-09,0.000402195010122,1,-0.000517100299896,0.18730511775,4.51821011639,0.414620283673
4.56,1.31258564265e-09,-1.31258564265e-09,0.000391116819304,1,-0.00050404563338,0.187309085158,4.52803615989,0.416477403827
4.57,1.15260427025e-09,-1.15260427025e-09,0.000380343766694,1,-0.000491311569558,0.187312943287,4.5378621721,0.418334689145
4.58,1.01166649373e-09,-1.01166649373e-09,0.000369867447918,1,-0.000478890556008,0.187316695146,4.54768815382,0.420192135454
4.59,8.87562768467e-10,-8.87562768467e-10,0.000359679690039,1,-0.000466775206413,0.187320343662,4.55751410581,0.422049738684
4.6,7.78332837105e-10,-7.78332837105e-10,0.00034977254519,1,-0.000454958297359,0.187323891682,4.56734002883,0.423907494866
4.61,6.82238459357e-10,-6.82238459357e-10,0.000340138284381,1,-0.00044343276518,0.187327341975,4.57716592361,0.425765400127
4.62,5.97739023942e-10,-5.97739023942e-10,0.000330769391471,1,-0.000432191702838,0.187330697231,4.58699179087,0.427623450691
4.63,5.23469749679e-10,-5.23469749679e-10,0.000321658557316,1,-0.00042122835686,0.187333960069,4.59681763129,0.429481642873
4.64,4.58222211262e-10,-4.58222211262e-10,0.000312798674066,1,-0.000410536124304,0.187337133034,4.60664344556,0.431339973082
4.65,4.00926951101e-10,-4.00926951101e-10,0.000304182829625,1,-0.000400108549781,0.187340218602,4.61646923435,0.433198437813
4.66,3.50637962006e-10,-3.50637962006e-10,0.000295804302264,1,-0.000389939322514,0.18734321918,4.62629499829,0.435057033651
4.67,3.06518846806e-10,-3.06518846806e-10,0.000287656555379,1,-0.000380022273445,0.187346137108,4.63612073803,0.436915757262
4.68,2.6783048022e-10,-2.6783048022e-10,0.000279733232395,1,-0.000370351372382,0.187348974665,4.64594645417,0.438774605397
4.69,2.33920015748e-10,-2.33920015748e-10,0.000272028151807,1,-0.000360920725195,0.187351734062,4.65577214732,0.440633574888
4.7,2.04211096152e-10,-2.04211096152e-10,0.000264535302363,1,-0.00035172457105,0.187354417453,4.66559781805,0.442492662643
4.71,1.78195140346e-10,-1.78195140346e-10,0.000257248838374,1,-0.000342757279694,0.187357026932,4.67542346695,0.44435186565
4.72,1.55423592435e-10,-1.55423592435e-10,0.000250163075155,1,-0.000334013348775,0.187359564535,4.68524909456,0.44621118097
4.73,1.35501030287e-10,-1.35501030287e-10,0.000243272484596,1,-0.000325487401215,0.187362032241,4.69507470144,0.448070605738
4.74,1.18079041552e-10,-1.18079041552e-10,0.000236571690841,1,-0.000317174182619,0.187364431975,4.7049002881,0.449930137161
4.75,1.0285078452e-10,-1.0285078452e-10,0.000230055466106,1,-0.00030906855873,0.18736676561,4.71472585506,0.451789772513
4.76,8.95461597642e-11,-8.95461597642e-11,0.000223718726595,1,-0.000301165512926,0.187369034967,4.72455140283,0.45364950914
4.77,7.79275262314e-11,-7.79275262314e-11,0.000217556528535,1,-0.00029346014376,0.187371241815,4.7343769319,0.455509344452
4.78,6.77859023837e-11,-6.77859023837e-11,0.000211564064321,1,-0.000285947662542,0.187373387878,4.74420244274,0.457369275923
4.79,5.89375992207e-11,-5.89375992207e-11,0.000205736658769,1,-0.000278623390963,0.187375474828,4.75402793582,0.459229301092
4.8,5.12212376495e-11,-5.12212376495e-11,0.000200069765463,1,-0.00027148275876,0.187377504294,4.7638534116,0.461089417559
4.81,4.44951077035e-11,-4.44951077035e-11,0.000194558963214,1,-0.000264521301423,0.18737947786,4.77367887052,0.462949622984
4.82,3.86348316482e-11,-3.86348316482e-11,0.000189199952606,1,-0.000257734657944,0.187381397065,4.78350431301,0.464809915086
4.83,3.35312970796e-11,-3.35312970796e-11,0.000183988552648,1,-0.000251118568599,0.187383263407,4.79332973949,0.466670291642
4.84,2.90888297728e-11,-2.90888297728e-11,0.000178920697509,1,-0.000244668872784,0.187385078342,4.80315515038,0.468530750483
4.85,2.52235793085e-11,-2.52235793085e-11,0.000173992433345,1,-0.000238381506875,0.187386843285,4.81298054606,0.470391289496
4.86,2.18620934386e-11,-2.18620934386e-11,0.000169199915219,1,-0.000232252502138,0.187388559614,4.82280592694,0.472251906621
4.87,1.89400597771e-11,-1.89400597771e-11,0.000164539404097,1,-0.000226277982675,0.187390228668,4.8326312934,0.474112599849
4.88,1.6401195752e-11,-1.6401195752e-11,0.000160007263935,1,-0.000220454163404,0.187391851749,4.8424566458,0.475973367223
4.89,1.41962698557e-11,-1.41962698557e-11,0.000155599958837,1,-0.000214777348085,0.187393430122,4.8522819845,0.477834206834
4.9,1.2282239108e-11,-1.2282239108e-11,0.000151314050303,1,-0.000209243927373,0.187394965021,4.86210730987,0.479695116823
4.91,1.06214893265e-11,-1.06214893265e-11,0.000147146194544,1,-0.00020385037692,0.187396457642,4.87193262223,0.481556095376
4.92,9.18116629439e-12,-9.18116629439e-12,0.000143093139871,1,-0.000198593255499,0.187397909149,4.88175792194,0.483417140725
4.93,7.93258725327e-12,-7.93258725327e-12,0.00013915172416,1,-0.000193469203181,0.187399320675,4.8915832093,0.485278251149
4.94,6.8507233407e-12,-6.8507233407e-12,0.000135318872387,1,-0.00018847493953,0.187400693322,4.90140848465,0.487139424968
4.95,5.91374465349e-12,-5.91374465349e-12,0.000131591594226,1,-0.000183607261848,0.18740202816,4.91123374829,0.489000660546
4.96,5.10262056421e-12,-5.10262056421e-12,0.000127966981717,1,-0.000178863043443,0.18740332623,4.92105900052,0.490861956287
4.97,4.40076876016e-12,-4.40076876016e-12,0.000124442206998,1,-0.000174239231938,0.187404588547,4.93088424165,0.492723310637
4.98,3.79374722319e-12,-3.79374722319e-12,0.000121014520099,1,-0.000169732847611,0.187405816093,4.94070947194,0.494584722082
4.99,3.2689840347e-12,-3.2689840347e-12,0.000117681246795,1,-0.000165340981768,0.187407009827,4.9505346917,0.496446189143
5.0,2.81554048203e-12,-2.81554048203e-12,0.000114439786522,1,-0.00016106079515,0.187408170681,4.96035990118,0.498307710383
