0,0,0,0,0,0,0,0,0
0.01,0.000336927807359,-0.000336927807359,8.4344736081e-06,1,-4.19044182969e-08,4.23696838369e-08,0.01,1.60469782427e-12
0.02,0.000405841397171,-0.000405841397171,1.83645700467e-05,1,-1.70746105857e-07,1.75604046514e-07,0.02,4.61551893992e-11
0.03,0.000487477280826,-0.000487477280826,3.00653406468e-05,1,-4.01486104493e-07,4.16857073261e-07,0.03,1.75624517335e-10
0.04,0.000583889898984,-0.000583889898984,4.38580281467e-05,1,-7.4973204361e-07,7.8541710539e-07,0.04,4.71242446728e-10
0.05,0.000697406661371,-0.000697406661371,6.01133060457e-05,1,-1.23397548402e-06,1.30402827796e-06,0.05,1.05419881508e-09
0.06,0.000830653247088,-0.000830653247088,7.92573858394e-05,1,-1.87601273108e-06,1.99941489561e-06,0.06,2.09192212686e-09
0.07,0.000986579278774,-0.000986579278774,0.000101778598924,1,-2.70141419333e-06,2.90286921776e-06,0.0700000000001,3.8054728144e-09
0.08,0.00116848397056,-0.00116848397056,0.000128234439442,1,-3.74004529934e-06,4.05090733217e-06,0.0800000000001,6.47820840101e-09
0.09,0.00138004127333,-0.00138004127333,0.000159259042781,1,-5.02664169695e-06,5.48599760191e-06,0.0900000000002,1.0465894905e-08
0.1,0.00162532396166,-0.00162532396166,0.000195571061231,1,-6.60144105776e-06,7.25736585267e-06,0.1,1.62084568025e-08
0.11,0.00190882602585,-0.00190882602585,0.000237981883412,1,-8.51087328419e-06,9.42188100911e-06,0.110000000001,2.42435765876e-08
0.12,0.00223548265313,-0.00223548265313,0.000287404127643,1,-1.0808310254e-05,1.20450242743e-05,0.120000000001,3.52223742498e-08
0.13,0.00261068700482,-0.00261068700482,0.000344860321472,1,-1.35548754273e-05,1.52019441591e-05,0.130000000002,4.99274166108e-08
0.14,0.0030403029253,-0.0030403029253,0.000411491660365,1,-1.68203126755e-05,1.89785986972e-05,0.140000000003,6.9293326148e-08
0.15,0.00353067265613,-0.00353067265613,0.000488566718318,1,-2.06839125642e-05,2.34729850096e-05,0.150000000005,9.44302783639e-08
0.16,0.00408861857769,-0.00408861857769,0.000577489962138,1,-2.5235493026e-05,2.8796455009e-05,0.160000000008,1.26650695557e-07
0.17,0.00472143796563,-0.00472143796563,0.000679809899914,1,-3.0576429904e-05,3.5075114446e-05,0.170000000012,1.6749946258e-07
0.18,0.00543688973208,-0.00543688973208,0.000797226673034,1,-3.68207312221e-05,4.24513007003e-05,0.180000000018,2.18788006358e-07
0.19,0.00624317212723,-0.00624317212723,0.000931598880719,1,-4.40961472707e-05,5.10851327135e-05,0.190000000026,2.82632595033e-07
0.2,0.00714889040775,-0.00714889040775,0.00108494940699,1,-5.25453066878e-05,6.11561242555e-05,0.200000000038,3.61497224022e-07
0.21,0.00816301353807,-0.00816301353807,0.00125947000294,1,-6.23268666913e-05,7.28648493331e-05,0.210000000054,4.58241464404e-07
0.22,0.00929481908167,-0.00929481908167,0.00145752436276,1,-7.36166635089e-05,8.6434646005e-05,0.220000000078,5.76173653205e-07
0.23,0.0105538255644,-0.0105538255644,0.00168164942156,1,-8.66088468853e-05,0.000102113342203,0.23000000011,7.19109804626e-07
0.24,0.0119497117522,-0.0119497117522,0.0019345545959,1,-0.000101516980366,0.0001201749844,0.240000000154,8.91438615401e-07
0.25,0.0134922224814,-0.0134922224814,0.00221911868742,1,-0.000118575086906,0.000140921547183,0.250000000215,1.09819292547e-06
0.26,0.0151910609116,-0.0151910609116,0.00253838417359,1,-0.000138038617301,0.000164684598993,0.260000000296,1.34512797642e-06
0.27,0.0170557673399,-0.0170557673399,0.00289554862118,1,-0.000160185316986,0.00019182689661,0.270000000406,1.63880678389e-06
0.28,0.0190955850083,-0.0190955850083,0.00329395297611,1,-0.000185315965081,0.000222743878389,0.280000000554,1.98669290595e-06
0.29,0.0213193136699,-0.0213193136699,0.00373706650901,1,-0.000213754958064,0.000257865023938,0.29000000075,2.39725084622e-06
0.3,0.0237351520216,-0.0237351520216,0.00422846822989,1,-0.000245850709396,0.000297655045858,0.300000001009,2.88005427894e-06
0.31,0.0263505304822,-0.0263505304822,0.0047718246275,1,-0.000281975835696,0.000342614877543,0.31000000135,3.44590222124e-06
0.32,0.0291719361663,-0.0291719361663,0.00537085827679,1,-0.000322530666382,0.00039328434019,0.320000001795,4.10674931015e-06
0.33,0.0322047322789,-0.0322047322789,0.00602932593295,1,-0.000367937552113,0.000450239770548,0.330000002374,4.87609823147e-06
0.34,0.0354529745201,-0.0354529745201,0.00675098434599,1,-0.000418640662482,0.000514094377216,0.340000003122,5.76913267095e-06
0.35,0.0389192274308,-0.0389192274308,0.00753955098104,1,-0.000475106385098,0.000585498751777,0.350000004084,6.80280157225e-06
0.36,0.0426043839215,-0.0426043839215,0.0083986632563,1,-0.000537822006262,0.000665140270114,0.360000005315,7.99597451082e-06
0.37,0.0465074914903,-0.0465074914903,0.0093318345505,1,-0.000607294019742,0.000753742070865,0.370000006883,9.36960393241e-06
0.38,0.0506255888486,-0.0506255888486,0.0103424073315,1,-0.000684046044237,0.000852061579608,0.38000000887,1.09468937705e-05
0.39,0.0549535568135,-0.0549535568135,0.0114335038434,1,-0.000768616335591,0.000960888551863,0.390000011375,1.2753473781e-05
0.4,0.0594839873959,-0.0594839873959,0.0126079748755,1,-0.000861554885645,0.00108104261312,0.400000014519,1.48175787703e-05
0.41,0.0642070749884,-0.0642070749884,0.0138683472176,1,-0.000963420105416,0.00121337027975,0.410000018446,1.71702317541e-05
0.42,0.0691105334505,-0.0691105334505,0.015216770488,1,-0.00107477509694,0.0013587414512,0.420000023327,1.98454299339e-05
0.43,0.0741795426724,-0.0741795426724,0.0166549640905,1,-0.00119618352284,0.00151804536991,0.430000029366,2.28803323795e-05
0.44,0.0793967278888,-0.0793967278888,0.0181841651054,1,-0.00132820510036,0.00169218605891,0.4400000368,2.63154475408e-05
0.45,0.0847421746035,-0.0847421746035,0.0198050780025,1,-0.00147139073051,0.00188207724228,0.450000045911,3.01948200119e-05
0.46,0.0901934814695,-0.0901934814695,0.021517827051,1,-0.0016262773139,0.00208863678096,0.460000057024,3.45662138873e-05
0.47,0.0957258528726,-0.0957258528726,0.0233219123621,1,-0.00179338228315,0.00231278064885,0.470000070516,3.9481291672e-05
0.48,0.101312232276,-0.101312232276,0.025216170481,1,-0.00197319790413,0.00255541649195,0.480000086821,4.49957867791e-05
0.49,0.106923476631,-0.106923476631,0.027198740434,1,-0.00216618540189,0.00281743681976,0.490000106435,5.11696678082e-05
0.5,0.112528571348,-0.112528571348,0.0292670360836,1,-0.00237276898128,0.00309971189138,0.50000012992,5.80672922171e-05
0.51,0.11809488446,-0.11809488446,0.0314177256077,1,-0.00259332980737,0.00340308236132,0.510000157913,6.57575476489e-05
0.52,0.123588457771,-0.123588457771,0.0336467188409,1,-0.00282820001503,0.00372835175618,0.520000191127,7.43139793704e-05
0.53,0.128974331886,-0.128974331886,0.0359491630944,1,-0.0030776568366,0.00407627886985,0.530000230358,8.3814901151e-05
0.54,0.134216901192,-0.134216901192,0.038319447975,1,-0.00334191692779,0.00444757016313,0.540000276487,9.43434877422e-05
0.55,0.139280294087,-0.139280294087,0.0407512195897,1,-0.00362113097295,0.00484287225837,0.550000330482,0.000105987847255
0.56,0.144128773004,-0.144128773004,0.043237404381,1,-0.00391537865082,0.00526276462212,0.560000393404,0.000118841071957
0.57,0.148727148179,-0.148727148179,0.0457702426619,1,-0.00422466404881,0.00570775253527,0.5700004664,0.000133001265465
0.58,0.153041198584,-0.153041198584,0.0483413317405,1,-0.0045489116202,0.00617826045569,0.580000550707,0.000148571543443
0.59,0.15703809307,-0.15703809307,0.0509416784362,1,-0.00488796272252,0.006674625846,0.590000647648,0.000165660009782
0.6,0.160686804531,-0.160686804531,0.0535617604956,1,-0.00524157284399,0.00719709357943,0.600000758621,0.000184379703963
0.61,0.163958509823,-0.163958509823,0.0561915963245,1,-0.00560940956824,0.00774581100275,0.610000885101,0.000204848519614
0.62,0.166826968237,-0.166826968237,0.0588208222928,1,-0.00599105131866,0.00832082372807,0.62000102862,0.000227189094911
0.63,0.169268871605,-0.169268871605,0.0614387766497,1,-0.00638598695229,0.00892207224022,0.630001190761,0.000251528671726
0.64,0.1712641595,-0.1712641595,0.0640345890431,1,-0.00679361620548,0.009549389362,0.640001373138,0.00027799892658
0.65,0.172796293577,-0.172796293577,0.0665972744207,1,-0.00721325104018,0.010202498645,0.65000157738,0.00030673577048
0.66,0.173852485809,-0.173852485809,0.0691158300688,1,-0.00764411787914,0.0108810137108,0.660001805111,0.000337879120226
0.67,0.174423876203,-0.174423876203,0.0715793344331,1,-0.00808536072921,0.0115844385707,0.670002057924,0.000371572641635
0.68,0.17450565656,-0.17450565656,0.0739770463005,1,-0.00853604518439,0.0123121689395,0.680002337356,0.000407963464208
0.69,0.174097137848,-0.174097137848,0.0762985029459,1,-0.00899516326392,0.0130634945345,0.69000264486,0.000447201870332
0.7,0.173201759861,-0.173201759861,0.0785336158157,1,-0.00946163904625,0.013837602343,0.700002981772,0.000489440959923
0.71,0.171827042999,-0.171827042999,0.080672762378,1,-0.00993433503768,0.0146335808245,0.710003349284,0.000534836293378
0.72,0.169984483089,-0.169984483089,0.0827068727891,1,-0.0104120592215,0.0154504250139,0.720003748405,0.000583545512258
0.73,0.167689391316,-0.167689391316,0.0846275101856,1,-0.0108935726896,0.0162870424513,0.730004179926,0.000635727944055
0.74,0.164960682386,-0.164960682386,0.0864269434551,1,-0.0113775977826,0.0171422598806,0.74000464439,0.000691544191241
0.75,0.161820615007,-0.161820615007,0.0880982115021,1,-0.0118628266437,0.0180148306338,0.750005142054,0.000751155708171
0.76,0.158294489681,-0.158294489681,0.0896351781739,1,-0.0123479300856,0.0189034426135,0.760005672852,0.000814724368824
0.77,0.154410309531,-0.154410309531,0.091032577189,1,-0.0128315666662,0.0198067267719,0.770006236365,0.000882412031078
0.78,0.150198410533,-0.150198410533,0.0922860465611,1,-0.0133123918784,0.0207232659906,0.780006831788,0.000954380100337
0.79,0.145691067951,-0.145691067951,0.0933921522114,1,-0.0137890673571,0.0216516042542,0.790007457897,0.00103078909878
0.8,0.140922086119,-0.140922086119,0.0943484005912,1,-0.0142602700231,0.0225902560306,0.800008113026,0.00111179823756
0.81,0.135926378817,-0.135926378817,0.0951532405214,1,-0.0147247010792,0.0235377156977,0.810008795036,0.00119756503345
0.82,0.130739547477,-0.130739547477,0.0958060455697,1,-0.0151810929318,0.0244924701065,0.820009501353,0.00128824231922
0.83,0.125397464279,-0.125397464279,0.0963071004051,1,-0.0156282111824,0.0254530059289,0.830010229003,0.00138397725223
0.84,0.119935866842,-0.119935866842,0.096657596285,1,-0.0160648702784,0.0264178100506,0.84001097441,0.00148491900988
0.85,0.114389970762,-0.114389970762,0.0968595730641,1,-0.0164899396148,0.0273853855939,0.850011733484,0.0015912132952
0.86,0.108794105649,-0.108794105649,0.096915873628,1,-0.0169023498651,0.0283542601817,0.860012501617,0.00170300195652
0.87,0.103181379641,-0.103181379641,0.0968300911852,1,-0.0173010986184,0.0293229937089,0.870013273689,0.0018204226276
0.88,0.097583376575,-0.097583376575,0.0966065104352,1,-0.0176852552793,0.0302901855551,0.880014044071,0.0019436083901
0.89,0.0920298892037,-0.0920298892037,0.0962500436802,1,-0.0180539652022,0.0312544811819,0.890014806646,0.00207268746011
0.9,0.0865486909683,-0.0865486909683,0.0957661629863,1,-0.0184064530382,0.0322145780701,0.900015554817,0.00220778290011
0.91,0.0811653479691,-0.0811653479691,0.0951608295089,1,-0.0187420252898,0.0331692309636,0.910016281536,0.00234901235759
0.92,0.0759030719275,-0.0759030719275,0.0944404210861,1,-0.019060072076,0.034117256397,0.920016979325,0.00249648783115
0.93,0.0707826140965,-0.0707826140965,0.0936116591722,1,-0.019360068122,0.0350575364944,0.93001764031,0.00265031546472
0.94,0.0658221993081,-0.0658221993081,0.0926815361348,1,-0.0196415729987,0.0359890220386,0.940018256248,0.00281059537028
0.95,0.0610374986296,-0.0610374986296,0.0916572438714,1,-0.0199042306438,0.0369107348203,0.950018818571,0.00297742147915
0.96,0.0564416384742,-0.0564416384742,0.0905461046208,1,-0.0201477682068,0.0378217692818,0.960019318417,0.0031508814217
0.97,0.0520452434654,-0.0520452434654,0.0893555047551,1,-0.0203719942654,0.0387212934856,0.970019746671,0.00333105643516
0.98,0.0478565099107,-0.0478565099107,0.0880928322344,1,-0.0205767964665,0.0396085494371,0.980020094011,0.00351802129881
0.99,0.0438813063941,-0.0438813063941,0.0867654183032,1,-0.0207621386497,0.0404828528039,0.990020350947,0.00371184429592
1.0,0.0401232977525,-0.0401232977525,0.085380483897,1,-0.0209280575155,0.041343592075,1.00002050786,0.00391258720134
1.01,0.0365840885546,-0.0365840885546,0.0839450911159,1,-0.0210746589001,0.0421902272093,1.01002055506,0.00412030529369
1.02,0.0332633821542,-0.0332633821542,0.0824661000176,1,-0.0212021137213,0.0430222878261,1.02002048281,0.00433504739084
1.03,0.030159151424,-0.030159151424,0.0809501308728,1,-0.0213106536605,0.0438393709901,1.03002028137,0.00455685590733
1.04,0.0272678173987,-0.0272678173987,0.0794035319143,1,-0.0214005666582,0.044641138654,1.04001994105,0.00478576693277
1.05,0.0245844322423,-0.0245844322423,0.0778323521298,1,-0.0214721926235,0.0454273149581,1.05001945224,0.00502181033578
1.06,0.0221028632054,-0.0221028632054,0.0762423201957,1,-0.0215259183571,0.0461976830022,1.06001880543,0.00526500986276
1.07,0.0198159745315,-0.0198159745315,0.0746388284226,1,-0.0215621725881,0.0469520814773,1.07001799129,0.00551538326455
1.08,0.0177158046091,-0.0177158046091,0.07302692135,1,-0.0215814212386,0.0476904012422,1.08001700065,0.00577294244396
1.09,0.0157937360191,-0.0157937360191,0.0714112889088,1,-0.0215841627553,0.0484125818103,1.09001582456,0.00603769361527
1.1,0.0140406565024,-0.0140406565024,0.0697962638,1,-0.0215709235467,0.0491186077899,1.10001445432,0.00630963747404
1.11,0.0124471092468,-0.0124471092468,0.0681858227059,1,-0.0215422535654,0.0498085053181,1.11001288149,0.00658876937589
1.12,0.0110034312606,-0.0110034312606,0.0665835909311,1,-0.0214987220618,0.0504823385244,1.12001109793,0.00687507952275
1.13,0.00969987895859,-0.00969987895859,0.0649928500589,1,-0.0214409135391,0.051140206056,1.13000909579,0.00716855315526
1.14,0.00852674041799,-0.00852674041799,0.0634165482065,1,-0.021369423928,0.0517822376929,1.14000686755,0.00746917074993
1.15,0.00747443407167,-0.00747443407167,0.0618573124689,1,-0.0212848569982,0.0524085910767,1.15000440602,0.00777690821984
1.16,0.00653359388373,-0.00653359388373,0.0603174631513,1,-0.0211878210182,0.0530194485728,1.16000170437,0.0080917371178
1.17,0.00569514129491,-0.00569514129491,0.058799029412,1,-0.0210789256718,0.0536150142819,1.16999875613,0.00841362484073
1.18,0.00495034443474,-0.00495034443474,0.0573037659556,1,-0.0209587792338,0.0541955112129,1.17999555519,0.00874253483432
1.19,0.00429086526869,-0.00429086526869,0.0558331704486,1,-0.0208279860057,0.054761178627,1.18999209579,0.00907842679712
1.2,0.00370879548555,-0.00370879548555,0.0543885013523,1,-0.0206871440086,0.055312269557,1.19998837256,0.00942125688303
1.21,0.00319668203215,-0.00319668203215,0.0529707959055,1,-0.0205368429276,0.0558490485069,1.20998438052,0.00977097790171
1.22,0.00274754327248,-0.00274754327248,0.0515808880162,1,-0.0203776622996,0.0563717893289,1.21998011503,0.0101275395159
1.23,0.00235487678837,-0.00235487678837,0.0502194258555,1,-0.0202101699344,0.0568807732802,1.22997557183,0.0104908884355
1.24,0.00201265985243,-0.00201265985243,0.0488868889804,1,-0.0200349205593,0.0573762872506,1.23997074703,0.0108609686072
1.25,0.00171534359405,-0.00171534359405,0.047583604838,1,-0.0198524546712,0.0578586221607,1.24996563709,0.0112377214001
1.26,0.00145784184962,-0.00145784184962,0.0463097645368,1,-0.0196632975872,0.0583280715196,1.25996023885,0.0116210857864
1.27,0.00123551564213,-0.00123551564213,0.0450654377952,1,-0.0194679586751,0.0587849301367,1.26995454947,0.0120109985168
1.28,0.00104415417623,-0.00104415417623,0.0438505870027,1,-0.0192669307531,0.0592294929792,1.27994856647,0.0124073942903
1.29,0.000879953166278,-0.000879953166278,0.0426650803516,1,-0.0190606896425,0.059662054164,1.28994228768,0.0128102059191
1.3,0.000739491239762,-0.000739491239762,0.0415087040161,1,-0.0188496938585,0.0600829060778,1.29993571126,0.0132193644872
1.31,0.000619705079051,-0.000619705079051,0.0403811733744,1,-0.0186343844273,0.0604923386127,1.3099288357,0.0136347995032
1.32,0.000517863884202,-0.000517863884202,0.0392821432819,1,-0.0184151848142,0.0608906385104,1.31992165977,0.0140564390477
1.33,0.000431543659391,-0.000431543659391,0.038211217418,1,-0.0181925009506,0.0612780888034,1.32991418254,0.0144842099141
1.34,0.000358601748088,-0.000358601748088,0.0371679567387,1,-0.0179667213476,0.0616549683463,1.33990640336,0.0149180377442
1.35,0.000297151968359,-0.000297151968359,0.0361518870731,1,-0.0177382172844,0.0620215514263,1.34989832186,0.0153578471573
1.36,0.000245540630834,-0.000245540630834,0.0351625059107,1,-0.0175073430618,0.0623781074461,1.3598899379,0.0158035618743
1.37,0.000202323658698,-0.000202323658698,0.0341992884294,1,-0.0172744363103,0.062724900671,1.36988125162,0.0162551048352
1.38,0.000166244972074,-0.000166244972074,0.0332616928162,1,-0.017039818343,0.0630621900323,1.37987226339,0.0167123983118
1.39,0.000136216248567,-0.000136216248567,0.0323491649342,1,-0.0168037945472,0.0633902289807,1.38986297379,0.0171753640146
1.4,0.000111298127687,-0.000111298127687,0.0314611419389,1,-0.0165666549856,0.063709265546,1.39985338364,0.0176439231418
1.41,9.0682889136e-05,-9.0682889136e-05,0.030597056351,1,-0.0163286746013,0.0640195420748,1.40984349395,0.0181179965334
1.42,7.3678603333e-05,-7.3678603333e-05,0.029756339407,1,-0.0160901135658,0.0643212950834,1.41983330592,0.0185975048043
1.43,5.96947266644e-05,-5.96947266644e-05,0.0289384232222,1,-0.0158512179316,0.0646147554046,1.42982282095,0.0190823683847
1.44,4.82290933731e-05,-4.82290933731e-05,0.0281427429785,1,-0.0156122201148,0.0649001482082,1.43981204061,0.0195725076016
1.45,3.88562401648e-05,-3.88562401648e-05,0.0273687387602,1,-0.0153733393815,0.0651776930401,1.44980096662,0.0200678427563
1.46,3.12169880656e-05,-3.12169880656e-05,0.0266158570781,1,-0.0151347823344,0.0654476038796,1.45978960087,0.0205682941969
1.47,2.5009198218e-05,-2.5009198218e-05,0.025883552121,1,-0.0148967433977,0.0657100892095,1.4697779454,0.0210737823871
1.48,1.99796136444e-05,-1.99796136444e-05,0.0251712867672,1,-0.0146594052968,0.0659653520986,1.47976600235,0.0215842279707
1.49,1.59166970303e-05,-1.59166970303e-05,0.0244785333903,1,-0.014422939531,0.0662135902917,1.48975377404,0.0220995518321
1.5,1.26443747935e-05,-1.26443747935e-05,0.023804774485,1,-0.0141875068385,0.0664549963086,1.49974126287,0.022619675153
1.51,1.00165996915e-05,-1.00165996915e-05,0.0231495031402,1,-0.0139532576507,0.0666897575471,1.50972847137,0.0231445194663
1.52,7.91264755721e-06,-7.91264755721e-06,0.0225122233814,1,-0.0137203325362,0.0669180563912,1.51971540215,0.0236740067052
1.53,6.23306811516e-06,-6.23306811516e-06,0.0218924504018,1,-0.0134888626326,0.0671400703208,1.52970205795,0.0242080592504
1.54,4.89621489362e-06,-4.89621489362e-06,0.0212897107006,1,-0.0132589700667,0.0673559720251,1.53968844157,0.0247465999731
1.55,3.83528476353e-06,-3.83528476353e-06,0.0207035421433,1,-0.0130307683606,0.0675659295152,1.54967455589,0.0252895522755
1.56,2.99580337976e-06,-2.99580337976e-06,0.0201334939573,1,-0.0128043628264,0.0677701062379,1.55966040389,0.0258368401287
1.57,2.33349859876e-06,-2.33349859876e-06,0.0195791266741,1,-0.0125798509462,0.0679686611893,1.56964598858,0.0263883881071
1.58,1.81250965734e-06,-1.81250965734e-06,0.0190400120292,1,-0.0123573227399,0.068161749027,1.57963131306,0.0269441214207
1.59,1.40388541064e-06,-1.40388541064e-06,0.0185157328262,1,-0.0121368611189,0.0683495201819,1.58961638047,0.0275039659452
1.6,1.08433016393e-06,-1.08433016393e-06,0.0180058827733,1,-0.0119185422276,0.0685321209675,1.59960119401,0.0280678482489
1.61,8.35160535871e-07,-8.35160535871e-07,0.0175100662992,1,-0.0117024357712,0.0687096936883,1.60958575691,0.0286356956183
1.62,6.4144132522e-07,-6.4144132522e-07,0.017027898351,1,-0.0114886053317,0.0688823767463,1.61957007244,0.0292074360806
1.63,4.91272500608e-07,-4.91272500608e-07,0.016559004181,1,-0.0112771086705,0.0690503047443,1.62955414391,0.0297829984251
1.64,3.75203188376e-07,-3.75203188376e-07,0.016103019124,1,-0.0110679980199,0.0692136085889,1.63953797466,0.030362312222
1.65,2.85751903737e-07,-2.85751903737e-07,0.0156595883691,1,-0.0108613203619,0.0693724155892,1.64952156804,0.0309453078397
1.66,2.17015268952e-07,-2.17015268952e-07,0.0152283667279,1,-0.0106571176968,0.0695268495548,1.65950492744,0.0315319164602
1.67,1.64350109258e-07,-1.64350109258e-07,0.0148090184008,1,-0.0104554272992,0.0696770308906,1.66948805624,0.0321220700927
1.68,1.24116136865e-07,-1.24116136865e-07,0.0144012167438,1,-0.0102562819647,0.0698230766894,1.67947095785,0.0327157015862
1.69,9.34684517482e-08,-9.34684517482e-08,0.0140046440362,1,-0.0100597102452,0.0699651008229,1.68945363568,0.03331274464
1.7,7.01908327501e-08,-7.01908327501e-08,0.0136189912507,1,-0.00986573667502,0.0701032140288,1.69943609314,0.0339131338132
1.71,5.25622911784e-08,-5.25622911784e-08,0.0132439578263,1,-0.0096743819867,0.0702375239974,1.70941833366,0.0345168045324
1.72,3.9250638629e-08,-3.9250638629e-08,0.0128792514452,1,-0.00948566331786,0.0703681354549,1.71940036064,0.0351236930989
1.73,2.92279067912e-08,-2.92279067912e-08,0.0125245878128,1,-0.00929959440909,0.0704951502447,1.7293821775,0.0357337366937
1.74,2.17033736217e-08,-2.17033736217e-08,0.0121796904433,1,-0.00911618579309,0.0706186674062,1.73936378762,0.0363468733824
1.75,1.60707197135e-08,-1.60707197135e-08,0.0118442904493,1,-0.00893544497562,0.0707387832527,1.74934519441,0.0369630421185
1.76,1.18664811412e-08,-1.18664811412e-08,0.0115181263354,1,-0.00875737660843,0.0708555914454,1.75932640124,0.0375821827453
1.77,8.73749875351e-09,-8.73749875351e-09,0.0112009437985,1,-0.00858198265449,0.070969183067,1.76930741146,0.0382042359979
1.78,6.41550498835e-09,-6.41550498835e-09,0.010892495531,1,-0.00840926254597,0.0710796466922,1.77928822841,0.0388291435035
1.79,4.69735209024e-09,-4.69735209024e-09,0.0105925410301,1,-0.00823921333499,0.071187068457,1.78926885543,0.0394568477811
1.8,3.42968258095e-09,-3.42968258095e-09,0.0103008464118,1,-0.00807182983767,0.0712915321255,1.79924929581,0.0400872922401
1.81,2.49708478358e-09,-2.49708478358e-09,0.0100171842295,1,-0.00790710477163,0.0713931191557,1.80922955282,0.0407204211792
1.82,1.81297241202e-09,-1.81297241202e-09,0.00974133329719,1,-0.00774502888721,0.0714919087622,1.81920962971,0.0413561797829
1.83,1.31258564265e-09,-1.31258564265e-09,0.00947307851815,1,-0.00758559109268,0.0715879779788,1.82918952972,0.0419945141193
1.84,9.47638399043e-10,-9.47638399043e-10,0.00921221071718,1,-0.0074287785737,0.0716814017178,1.83916925603,0.0426353711355
1.85,6.82238459357e-10,-6.82238459357e-10,0.00895852647811,1,-0.00727457690718,0.0717722528289,1.84914881181,0.0432786986537
1.86,4.89788171161e-10,-4.89788171161e-10,0.00871182798541,1,-0.00712297016993,0.0718606021558,1.8591282002,0.0439244453662
1.87,3.50637962006e-10,-3.50637962006e-10,0.00847192287009,1,-0.00697394104211,0.0719465185915,1.86910742431,0.0445725608301
1.88,2.50315718193e-10,-2.50315718193e-10,0.00823862405991,1,-0.00682747090584,0.0720300691318,1.87908648719,0.045222995461
1.89,1.78195140346e-10,-1.78195140346e-10,0.00801174963359,1,-0.00668353993914,0.072111318928,1.8890653919,0.0458757005276
1.9,1.26497556766e-10,-1.26497556766e-10,0.00779112267906,1,-0.00654212720535,0.0721903313371,1.89904414142,0.046530628144
1.91,8.95461597642e-11,-8.95461597642e-11,0.00757657115557,1,-0.00640321073825,0.0722671679717,1.90902273874,0.0471877312636
1.92,6.32106622798e-11,-6.32106622798e-11,0.00736792775959,1,-0.00626676762305,0.0723418887477,1.91900118678,0.0478469636709
1.93,4.44951077035e-11,-4.44951077035e-11,0.0071650297944,1,-0.00613277407344,0.0724145519312,1.92897948843,0.0485082799745
1.94,3.12329302168e-11,-3.12329302168e-11,0.00696771904325,1,-0.00600120550484,0.072485214184,1.93895764656,0.0491716355987
1.95,2.18620934386e-11,-2.18620934386e-11,0.00677584164603,1,-0.00587203660399,0.0725539306074,1.94893566398,0.0498369867753
1.96,1.52598163932e-11,-1.52598163932e-11,0.00658924797928,1,-0.00574524139512,0.0726207547857,1.95891354348,0.0505042905354
1.97,1.06214893265e-11,-1.06214893265e-11,0.00640779253957,1,-0.00562079330274,0.0726857388276,1.96889128779,0.0511735047004
1.98,7.37225031368e-12,-7.37225031368e-12,0.00623133383006,1,-0.00549866521127,0.0727489334068,1.97886889963,0.0518445878732
1.99,5.10262056421e-12,-5.10262056421e-12,0.00605973425014,1,-0.00537882952158,0.0728103878019,1.98884638166,0.0525174994291
2.0,3.5218027165e-12,-3.5218027165e-12,0.00589285998818,1,-0.00526125820466,0.0728701499343,1.9988237365,0.0531921995067
