0,0,0,0,0,0,0,0,0
0.01,0.000673855614718,-0.000673855614718,1.68689472162e-05,1,-8.38088365937e-08,8.47393676739e-08,0.01,3.20939564855e-12
0.02,0.000726174879359,-0.000726174879359,3.45879902069e-05,1,-3.31308548347e-07,3.40666401003e-07,0.02,8.82568257885e-11
0.03,0.000782204227142,-0.000782204227142,5.32219682896e-05,1,-7.49380431323e-07,7.78288436304e-07,0.03,3.29306502806e-10
0.04,0.0008421775563,-0.0008421775563,7.28444388747e-05,1,-1.34178218632e-06,1.40711697549e-06,0.04,8.66744057486e-10
0.05,0.000906341227996,-0.000906341227996,9.35331022521e-05,1,-2.11289170998e-06,2.23741949156e-06,0.05,1.8992311103e-09
0.06,0.000974954561651,-0.000974954561651,0.000115370011957,1,-3.06772851677e-06,3.28026189306e-06,0.0600000000001,3.68517031966e-09
0.07,0.00104829033788,-0.00104829033788,0.000138441791939,1,-4.21197656054e-06,4.54755312579e-06,0.0700000000001,6.54438467511e-09
0.08,0.00112663530822,-0.00112663530822,0.000162839860502,1,-5.55200847656e-06,6.05209197946e-06,0.0800000000003,1.0860018648e-08
0.09,0.00121029071066,-0.00121029071066,0.000188660661002,1,-7.09491126394e-06,7.80761616706e-06,0.0900000000005,1.70806692856e-08
0.1,0.00129957279015,-0.00129957279015,0.000216005899211,1,-8.84851342732e-06,9.82885374401e-06,0.100000000001,2.57227558142e-08
0.11,0.00139481332274,-0.00139481332274,0.000244982787267,1,-1.08214135952e-05,1.21315769334e-05,0.110000000001,3.73731368028e-08
0.12,0.00149636014243,-0.00149636014243,0.000275704294109,1,-1.30230106306e-05,1.47326584225e-05,0.120000000002,5.26919844312e-08
0.13,0.00160457766919,-0.00160457766919,0.000308289402223,1,-1.54635352485e-05,1.76501301951e-05,0.130000000003,7.24159259025e-08
0.14,0.00171984743704,-0.00171984743704,0.000342863370548,1,-1.81540831515e-05,2.09032449611e-05,0.140000000004,9.73614625424e-08
0.15,0.00184256862043,-0.00184256862043,0.000379558003313,1,-2.11066496936e-05,2.45125402447e-05,0.150000000006,1.28428677633e-07
0.16,0.00197315855755,-0.00197315855755,0.000418511924582,1,-2.43341660802e-05,2.84999051892e-05,0.160000000009,1.66605244536e-07
0.17,0.0021120532688,-0.0021120532688,0.000459870858215,1,-2.78505371062e-05,3.28886501333e-05,0.170000000012,2.12970747177e-07
0.18,0.00225970796859,-0.00225970796859,0.000503787912931,1,-3.16706804371e-05,3.7703579013e-05,0.180000000017,2.68701325463e-07
0.19,0.00241659756862,-0.00241659756862,0.000550423872124,1,-3.58105674279e-05,4.29710646366e-05,0.190000000022,3.35074658734e-07
0.2,0.00258321717067,-0.00258321717067,0.000599947488038,1,-4.0287265476e-05,4.871912688e-05,0.200000000029,4.1347530085e-07
0.21,0.00276008254667,-0.00276008254667,0.000652535779857,1,-4.51189818977e-05,5.49775138431e-05,0.210000000038,5.05400381024e-07
0.22,0.00294773060393,-0.00294773060393,0.000708374335233,1,-5.03251093157e-05,6.17777860032e-05,0.220000000049,6.12465685029e-07
0.23,0.00314671983321,-0.00314671983321,0.000767657614732,1,-5.59262725378e-05,6.91534033988e-05,0.230000000063,7.36412131902e-07
0.24,0.00335763073715,-0.00335763073715,0.000830589258623,1,-6.19443769052e-05,7.71398158695e-05,0.240000000079,8.79112661762e-07
0.25,0.0035810662365,-0.0035810662365,0.000897382395379,1,-6.84026580817e-05,8.57745563713e-05,0.250000000099,1.04257955085e-06
0.26,0.0038176520517,-0.0038176520517,0.00096825995125,1,-7.53257332505e-05,9.50973373833e-05,0.260000000124,1.22897217037e-06
0.27,0.00406803705684,-0.00406803705684,0.00104345496016,1,-8.27396536791e-05,0.000105150150411,0.270000000153,1.44060520625e-06
0.28,0.00433289360335,-0.00433289360335,0.00112321087319,1,-9.06719586074e-05,0.000115977368586,0.280000000188,1.67995735716e-06
0.29,0.00461291781054,-0.00461291781054,0.00120778186677,1,-9.91517304078e-05,0.000127625852358,0.29000000023,1.94968052901e-06
0.3,0.0049088298198,-0.0049088298198,0.00129743314882,1,-0.000108209650958,0.00014014505825,0.30000000028,2.25260954402e-06
0.31,0.00522137400964,-0.00522137400964,0.00139244126177,1,-0.000117878059163,0.00015358715067,0.310000000338,2.59177238329e-06
0.32,0.00555131916829,-0.00555131916829,0.00149309438159,1,-0.000128191009551,0.000168007116727,0.320000000407,2.97040098203e-06
0.33,0.00589945862068,-0.00589945862068,0.00159969261177,1,-0.000139184331872,0.000183462884013,0.330000000488,3.39194259691e-06
0.34,0.00626661030657,-0.00626661030657,0.00171254827114,1,-0.000150895691593,0.000200015441295,0.340000000583,3.86007176535e-06
0.35,0.0066536168065,-0.0066536168065,0.00183198617443,1,-0.000163364651222,0.000217728962051,0.350000000694,4.37870287695e-06
0.36,0.00706134531225,-0.00706134531225,0.00195834390432,1,-0.000176632732324,0.000236670930768,0.360000000823,4.95200337748e-06
0.37,0.0074906875384,-0.0074906875384,0.00209197207387,1,-0.000190743478149,0.000256912271912,0.370000000973,5.58440762601e-06
0.38,0.00794255957162,-0.00794255957162,0.00223323457784,1,-0.000205742516728,0.000278527481473,0.380000001147,6.28063142609e-06
0.39,0.00841790165432,-0.00841790165432,0.00238250883175,1,-0.000221677624309,0.000301594760953,0.390000001347,7.04568725186e-06
0.4,0.00891767789916,-0.00891767789916,0.00254018599716,1,-0.000238598789014,0.000326196153688,0.400000001578,7.88490019044e-06
0.41,0.00944287593126,-0.00944287593126,0.00270667119184,1,-0.000256558274536,0.000352417683343,0.410000001845,8.8039246215e-06
0.42,0.00999450645452,-0.00999450645452,0.00288238368321,1,-0.000275610683747,0.000380349494422,0.42000000215,9.80876165536e-06
0.43,0.0105736027389,-0.0105736027389,0.00306775706369,1,-0.000295813022033,0.000410085994632,0.4300000025,1.09057773508e-05
0.44,0.0111812200256,-0.0111812200256,0.00326323940628,1,-0.000317224760181,0.000441725998896,0.440000002901,1.21017217335e-05
0.45,0.0118184348462,-0.0118184348462,0.00346929339883,1,-0.000339907896637,0.000475372874824,0.450000003359,1.34037486364e-05
0.46,0.0124863442545,-0.0124863442545,0.00368639645534,1,-0.000363927018934,0.000511134689404,0.460000003881,1.48194363819e-05
0.47,0.013186064965,-0.013186064965,0.0039150408027,1,-0.000389349364076,0.000549124356698,0.470000004476,1.63568093272e-05
0.48,0.0139187323994,-0.0139187323994,0.00415573354107,1,-0.000416244877681,0.000589459786257,0.480000005152,1.80243602929e-05
0.49,0.014685499634,-0.014685499634,0.00440899667628,1,-0.000444686271638,0.000632264032027,0.490000005919,1.98310738928e-05
0.5,0.0154875362492,-0.0154875362492,0.00467536712257,1,-0.000474749080051,0.000677665441406,0.50000000679,2.17864507871e-05
0.51,0.0163260270761,-0.0163260270761,0.00495539667379,1,-0.000506511713228,0.000725797804196,0.510000007775,2.39005328746e-05
0.52,0.0172021708402,-0.0172021708402,0.00524965194149,1,-0.000540055509458,0.00077680050109,0.52000000889,2.61839294433e-05
0.53,0.0181171786979,-0.0181171786979,0.00555871425803,1,-0.00057546478431,0.000830818651372,0.530000010148,2.86478442973e-05
0.54,0.0190722726669,-0.0190722726669,0.00588317954312,1,-0.000612826877198,0.000888003259468,0.540000011568,3.13041038742e-05
0.55,0.0200686839466,-0.0200686839466,0.00622365813189,1,-0.000652232194907,0.000948511359976,0.550000013168,3.4165186371e-05
0.56,0.0211076511288,-0.0211076511288,0.00658077456294,1,-0.000693774251828,0.00101250616077,0.560000014967,3.72442518907e-05
0.57,0.0221904182977,-0.0221904182977,0.00695516732466,1,-0.000737549706575,0.0010801571838,0.57000001699,4.05551736245e-05
0.58,0.0233182330176,-0.0233182330176,0.00734748855813,1,-0.000783658394704,0.0011516404031,0.580000019261,4.41125700816e-05
0.59,0.02449234421,-0.02449234421,0.00775840371505,1,-0.000832203357225,0.00122713837967,0.590000021808,4.7931838376e-05
0.6,0.0257139999186,-0.0257139999186,0.00818859116911,1,-0.000883290864583,0.00130684039262,0.60000002466,5.20291885821e-05
0.61,0.0269844449627,-0.0269844449627,0.00863874177936,1,-0.000937030435812,0.0013909425663,0.610000027852,5.64216791649e-05
0.62,0.0283049184819,-0.0283049184819,0.00910955840404,1,-0.000993534852522,0.0014796479927,0.620000031421,6.11272534923e-05
0.63,0.0296766513707,-0.0296766513707,0.00960175536363,1,-0.0010529201674,0.00157316684883,0.630000035405,6.61647774345e-05
0.64,0.0311008636064,-0.0311008636064,0.0101160578518,1,-0.00111530570691,0.00167171650845,0.640000039849,7.15540780513e-05
0.65,0.0325787614727,-0.0325787614727,0.0106532012929,1,-0.00118081406784,0.00177552164761,0.6500000448,7.73159833714e-05
0.66,0.0341115346797,-0.0341115346797,0.0112139303648,1,-0.00124957127212,0.00188481444402,0.660000050312,8.34723465639e-05
0.67,0.0357003533857,-0.0357003533857,0.0117989958932,1,-0.00132170812606,0.00199983551147,0.670000056442,9.00459459686e-05
0.68,0.0373463651224,-0.0373463651224,0.0124091594859,1,-0.00139735696665,0.00212083203446,0.68000006325,9.70608420653e-05
0.69,0.0390506916289,-0.0390506916289,0.0130451898562,1,-0.00147665332066,0.00224805885055,0.690000070805,0.000104542265955
0.7,0.0408144255979,-0.0408144255979,0.0137078619022,1,-0.00155973586362,0.00238177851582,0.700000079181,0.000112516664707
0.71,0.0426386273398,-0.0426386273398,0.0143979557215,1,-0.00164674637544,0.00252226136351,0.710000088457,0.00012101174729
0.72,0.0445243213694,-0.0445243213694,0.0151162555781,1,-0.00173782968092,0.00266978554854,0.720000098721,0.000130056532203
0.73,0.0464724929221,-0.0464724929221,0.0158635488005,1,-0.00183313358757,0.00282463708495,0.730000110066,0.000139681395541
0.74,0.0484840844052,-0.0484840844052,0.0166406246248,1,-0.00193280881275,0.00298710987113,0.740000122594,0.000149918120209
0.75,0.0505599917919,-0.0505599917919,0.0174482729834,1,-0.00203700889849,0.00315750570115,0.750000136415,0.000160799946424
0.76,0.0527010609643,-0.0527010609643,0.0182872832244,1,-0.002145890124,0.00333613426825,0.760000151647,0.000172361622425
0.77,0.0549080840151,-0.0549080840151,0.0191584427902,1,-0.00225961139822,0.00352331314896,0.770000168417,0.000184639457128
0.78,0.0571817955146,-0.0571817955146,0.0200625358242,1,-0.00237833415135,0.00371936777918,0.780000186864,0.000197671372754
0.79,0.0595228687528,-0.0595228687528,0.0210003417311,1,-0.00250222221065,0.00392463141276,0.790000207134,0.00021149695886
0.8,0.0619319119662,-0.0619319119662,0.0219726336718,1,-0.00263144167168,0.00413944506895,0.800000229387,0.00022615752655
0.81,0.0644094645578,-0.0644094645578,0.0229801770246,1,-0.00276616074773,0.00436415745786,0.810000253791,0.000241696164604
0.82,0.0669559933215,-0.0669559933215,0.0240237277686,1,-0.00290654962359,0.00459912489928,0.820000280528,0.000258157794768
0.83,0.0695718886814,-0.0695718886814,0.0251040308391,1,-0.00305278028543,0.00484471121744,0.830000309792,0.00027558922901
0.84,0.0722574609565,-0.0722574609565,0.0262218184239,1,-0.00320502634589,0.00510128762274,0.840000341791,0.000294039226759
0.85,0.0750129366625,-0.0750129366625,0.0273778082173,1,-0.00336346285657,0.0053692325755,0.850000376744,0.000313558552826
0.86,0.0778384548616,-0.0778384548616,0.028572701628,1,-0.00352826611012,0.00564893163238,0.860000414886,0.000334200035719
0.87,0.0807340635732,-0.0807340635732,0.0298071819489,1,-0.00369961343037,0.00594077727446,0.870000456465,0.000356018626451
0.88,0.0836997162575,-0.0836997162575,0.031081912492,1,-0.00387768294902,0.00624516871539,0.880000501746,0.000379071457923
0.89,0.086735268383,-0.086735268383,0.0323975346823,1,-0.00406265337499,0.00656251169314,0.890000551006,0.000403417904175
0.9,0.0898404740928,-0.0898404740928,0.0337546661264,1,-0.00425470374947,0.00689321824073,0.90000060454,0.000429119640162
0.91,0.0930149829806,-0.0930149829806,0.0351538986479,1,-0.00445401319262,0.00723770643917,0.910000662658,0.000456240701325
0.92,0.0962583369901,-0.0962583369901,0.0365957963054,1,-0.00466076063612,0.0075964001488,0.920000725687,0.000484847543565
0.93,0.0995699674501,-0.0995699674501,0.0380808933869,1,-0.00487512454666,0.00796972872177,0.930000793969,0.000515009102939
0.94,0.10294919226,-0.10294919226,0.0396096923922,1,-0.00509728263737,0.00835812669356,0.940000867862,0.000546796855391
0.95,0.106395213234,-0.106395213234,0.0411826619988,1,-0.00532741157171,0.00876203345616,0.950000947742,0.000580284875896
0.96,0.109907113627,-0.109907113627,0.0428002350241,1,-0.00556568665547,0.00918189290981,0.960001033998,0.000615549897435
0.97,0.113483855838,-0.113483855838,0.044462806398,1,-0.00581228151303,0.0096181530907,0.970001127037,0.000652671370242
0.98,0.117124279325,-0.117124279325,0.0461707311126,1,-0.00606736776821,0.0100712657873,0.980001227279,0.00069173151885
0.99,0.12082709872,-0.12082709872,0.0479243222144,1,-0.00633111469761,0.0105416861249,0.990001335161,0.00073281540061
1.0,0.124590902182,-0.124590902182,0.0497238487797,1,-0.00660368889263,0.0110298721406,1.00000145113,0.000776010961419
1.01,0.128414149977,-0.128414149977,0.0515695339297,1,-0.00688525390162,0.0115362843319,1.01000157565,0.000821409091902
1.02,0.132295173304,-0.132295173304,0.0534615528647,1,-0.00717596986831,0.0120613851869,1.02000170919,0.000869103682138
1.03,0.136232173392,-0.136232173392,0.0554000309292,1,-0.00747599316284,0.012605638696,1.03000185224,0.000919191675263
1.04,0.140223220851,-0.140223220851,0.0573850417161,1,-0.00778547600509,0.0131695098434,1.04000200528,0.000971773119977
1.05,0.14426625531,-0.14426625531,0.0594166052159,1,-0.00810456608086,0.0137534640791,1.0500021688,0.00102695122181
1.06,0.148359085345,-0.148359085345,0.0614946859379,1,-0.00843340619501,0.0143579668002,1.06000234331,0.00108483238743
1.07,0.152499388697,-0.152499388697,0.0636191912329,1,-0.0087721338385,0.0149834827626,1.07000252931,0.00114552627735
1.08,0.156684712801,-0.156684712801,0.0657899696709,1,-0.00912088075579,0.0156304754769,1.08000272728,0.00120914585699
1.09,0.160912475623,-0.160912475623,0.0680068093507,1,-0.00947977258493,0.0162994066372,1.09000293772,0.00127580743625
1.1,0.165179966817,-0.165179966817,0.0702694363559,1,-0.00984892845323,0.0169907355072,1.1000031611,0.00134563071209
1.11,0.169484349207,-0.169484349207,0.0725775132954,1,-0.0102284605696,0.0177049182903,1.11000339788,0.00141873880929
1.12,0.173822660594,-0.173822660594,0.0749306379095,1,-0.0106184738266,0.0184424074918,1.12000364851,0.00149525831749
1.13,0.1781918159,-0.1781918159,0.0773283417802,1,-0.011019065396,0.0192036512639,1.13000391339,0.00157531932671
1.14,0.182588609646,-0.182588609646,0.0797700891559,1,-0.0114303243156,0.0199890927322,1.14000419292,0.00165905546159
1.15,0.187009718762,-0.187009718762,0.0822552758423,1,-0.0118523310997,0.0207991693236,1.15000448742,0.0017466039102
1.16,0.191451705745,-0.191451705745,0.0847832282234,1,-0.0122851573391,0.0216343120768,1.1600047972,0.00183810545164
1.17,0.195911022143,-0.195911022143,0.0873532024171,1,-0.0127288652958,0.022494944936,1.1700051225,0.00193370448212
1.18,0.200384012382,-0.200384012382,0.0899643835067,1,-0.0131835075251,0.0233814840523,1.18000546349,0.00203354903485
1.19,0.204866917929,-0.204866917929,0.0926158849287,1,-0.0136491264878,0.0242943370669,1.19000582028,0.00213779079892
1.2,0.209355881777,-0.209355881777,0.0953067479773,1,-0.0141257541755,0.0252339023935,1.20000619289,0.00224658513402
1.21,0.213846953263,-0.213846953263,0.0980359414488,1,-0.0146134117411,0.026200568494,1.21000658124,0.00236009108201
1.22,0.218336093199,-0.218336093199,0.100802361413,1,-0.0151121091448,0.0271947131556,1.22000698514,0.00247847137417
1.23,0.222819179325,-0.222819179325,0.10360483116,1,-0.0156218447936,0.0282167027552,1.23000740431,0.00260189243705
1.24,0.227292012054,-0.227292012054,0.106442101245,1,-0.0161426052163,0.0292668915398,1.2400078383,0.00273052439107
1.25,0.231750320522,-0.231750320522,0.109312849713,1,-0.0166743647344,0.0303456208974,1.25000828652,0.00286454104752
1.26,0.236189768919,-0.236189768919,0.112215682479,1,-0.0172170851492,0.0314532186327,1.26000874824,0.00300411990113
1.27,0.240605963093,-0.240605963093,0.115149133834,1,-0.017770715452,0.0325899982526,1.27000922252,0.00314944211718
1.28,0.244994457416,-0.244994457416,0.118111656821,1,-0.0183351967452,0.0337562619472,1.28000970825,0.00330069164377
1.29,0.249350761891,-0.249350761891,0.12110164176,1,-0.0189104528722,0.034952293551,1.29001020409,0.0034580566302
1.3,0.253670349503,-0.253670349503,0.124117413307,1,-0.0194963923061,0.0361783592599,1.30001070846,0.00362172911212
1.31,0.257948663772,-0.257948663772,0.127157228202,1,-0.0200929096956,0.0374347081693,1.31001121954,0.00379190470883
1.32,0.262181126518,-0.262181126518,0.130219276598,1,-0.0206998856573,0.0387215716015,1.3200117352,0.00396878258906
1.33,0.266363145798,-0.266363145798,0.133301683552,1,-0.0213171865881,0.0400391624476,1.33001225305,0.00415256543195
1.34,0.270490124011,-0.270490124011,0.13640251067,1,-0.0219446644997,0.0413876745245,1.34001277035,0.00434345938335
1.35,0.274557466151,-0.274557466151,0.139519757923,1,-0.0225821568749,0.0427672819498,1.350013284,0.00454167400714
1.36,0.278560588173,-0.278560588173,0.142651365639,1,-0.0232294865389,0.0441781385283,1.36001379055,0.00474742223354
1.37,0.282494925472,-0.282494925472,0.145795217336,1,-0.0238864612222,0.0456203769123,1.37001428612,0.00496092036537
1.38,0.286355941439,-0.286355941439,0.148949141521,1,-0.0245528737428,0.0470941082145,1.38001476641,0.0051823879746
1.39,0.290139136076,-0.290139136076,0.152110913715,1,-0.0252285021621,0.0485994216134,1.39001522666,0.00541204779753
1.4,0.29384005465,-0.29384005465,0.155278259058,1,-0.0259131097532,0.050136383833,1.40001566161,0.00565012566148
1.41,0.297454296358,-0.297454296358,0.158448855058,1,-0.026606444998,0.0517050386487,1.41001606548,0.00589685040643
1.42,0.300977522986,-0.300977522986,0.161620334475,1,-0.0273082416127,0.0533054064217,1.42001643193,0.00615245380151
1.43,0.304405467532,-0.304405467532,0.164790288352,1,-0.0280182186007,0.0549374836637,1.43001675405,0.00641717045646
1.44,0.307733942772,-0.307733942772,0.167956269164,1,-0.0287360803364,0.0566012426323,1.44001702429,0.00669123772788
1.45,0.310958849746,-0.310958849746,0.1711157941,1,-0.0294615166765,0.0582966309586,1.45001723444,0.00697489562054
1.46,0.314076186139,-0.314076186139,0.174266348461,1,-0.0301942031016,0.0600235713094,1.46001737561,0.00726838668354
1.47,0.317082054535,-0.317082054535,0.177405389171,1,-0.030933800888,0.0617819610826,1.47001743817,0.00757195590142
1.48,0.319972670512,-0.319972670512,0.180530348393,1,-0.0316799573079,0.0635716721398,1.48001741173,0.00788585058036
1.49,0.322744370569,-0.322744370569,0.183638637246,1,-0.0324323058606,0.065392550575,1.4900172851,0.00821032022942
1.5,0.325393619851,-0.325393619851,0.186727649608,1,-0.0331904665327,0.0672444165214,1.50001704625,0.00854561643681
1.51,0.327917019647,-0.327917019647,0.189794766003,1,-0.0339540460883,0.0691270639964,1.51001668226,0.00889199274153
1.52,0.330311314653,-0.330311314653,0.192837357569,1,-0.0347226383877,0.0710402607864,1.5200161793,0.00924970450014
1.53,0.332573399961,-0.332573399961,0.19585279008,1,-0.0354958247365,0.0729837483718,1.53001552259,0.00961900874895
1.54,0.334700327765,-0.334700327765,0.198838428032,1,-0.0362731742619,0.0749572418921,1.54001469634,0.0100001640618
1.55,0.336689313759,-0.336689313759,0.201791638776,1,-0.0370542443186,0.0769604301527,1.55001368374,0.010393430403
1.56,0.33853774321,-0.33853774321,0.204709796689,1,-0.0378385809214,0.0789929756734,1.56001246691,0.0107990689769
1.57,0.340243176683,-0.340243176683,0.207590287366,1,-0.0386257192055,0.0810545147782,1.57001102685,0.011217342072
1.58,0.341803355403,-0.341803355403,0.210430511843,1,-0.0394151839129,0.083144657728,1.58000934341,0.0116485129023
1.59,0.343216206246,-0.343216206246,0.213227890819,1,-0.0402064899049,0.0852629888951,1.59000739527,0.0120928454439
1.6,0.34447984632,-0.34447984632,0.215979868879,1,-0.0409991426993,0.0874090669807,1.60000515989,0.0125506042686
1.61,0.345592587155,-0.345592587155,0.218683918705,1,-0.0417926390314,0.0895824252736,1.61000261346,0.0130220543732
1.62,0.346552938455,-0.346552938455,0.221337545264,1,-0.0425864674386,0.0917825719519,1.61999973087,0.0135074610063
1.63,0.347359611431,-0.347359611431,0.223938289969,1,-0.0433801088659,0.094008990426,1.62999648572,0.0140070894915
1.64,0.348011521678,-0.348011521678,0.226483734788,1,-0.044173037294,0.0962611397235,1.63999285023,0.0145212050473
1.65,0.348507791604,-0.348507791604,0.228971506311,1,-0.0449647203855,0.0985384549145,1.64998879523,0.0150500726056
1.66,0.348847752405,-0.348847752405,0.231399279744,1,-0.0457546201507,0.100840347577,1.65998429014,0.0155939566257
1.67,0.349030945559,-0.349030945559,0.233764782838,1,-0.0465421936298,0.103166206305,1.66997930293,0.0161531209082
1.68,0.349057123862,-0.349057123862,0.236065799733,1,-0.047326893592,0.105515397248,1.67997380011,0.0167278284051
1.69,0.34892625198,-0.34892625198,0.238300174708,1,-0.0481081692484,0.107887264699,1.68996774669,0.017318341029
1.7,0.348638506534,-0.348638506534,0.240465815833,1,-0.0488854669778,0.110281131711,1.69996110616,0.0179249194609
1.71,0.348194275695,-0.348194275695,0.242560698508,1,-0.049658231065,0.112696300753,1.70995384048,0.0185478229559
1.72,0.34759415832,-0.34759415832,0.244582840561,1,-0.0504259112222,0.115132064542,1.71994591082,0.0191873045081
1.73,0.346838962598,-0.346838962598,0.246530396634,1,-0.0511879408726,0.117587674149,1.72993727517,0.0198436253781
1.74,0.345929704245,-0.345929704245,0.248401563322,1,-0.0519437629456,0.12006237485,1.73992789078,0.0205170393072
1.75,0.34486760422,-0.34486760422,0.250194617511,1,-0.0526928212657,0.12255539427,1.74991771334,0.0212077978329
1.76,0.343654085998,-0.343654085998,0.251907919224,1,-0.0534345613298,0.125065943198,1.75990669694,0.0219161500922
1.77,0.342290772387,-0.342290772387,0.253539914324,1,-0.054168431086,0.127593216438,1.76989479406,0.022642342626
1.78,0.340779481915,-0.340779481915,0.255089137039,1,-0.0548938817122,0.130136393675,1.77988195559,0.0233866191842
1.79,0.339122224787,-0.339122224787,0.256554212329,1,-0.0556103683933,0.132694640381,1.78986813086,0.024149220531
1.8,0.337321198429,-0.337321198429,0.257933858066,1,-0.0563173510952,0.135267108725,1.79985326757,0.0249303842529
1.81,0.335378782632,-0.335378782632,0.259226887038,1,-0.0570142953338,0.137852938522,1.80983731188,0.0257303445672
1.82,0.333297534316,-0.333297534316,0.260432208768,1,-0.0577006729369,0.140451258187,1.81982020837,0.0265493321324
1.83,0.331080181921,-0.331080181921,0.26154883114,1,-0.0583759627989,0.143061185713,1.82980190009,0.027387573862
1.84,0.328729619448,-0.328729619448,0.26257586183,1,-0.0590396516248,0.145681829665,1.83978232855,0.0282452927394
1.85,0.326248900167,-0.326248900167,0.263512509545,1,-0.0596912346634,0.148312290182,1.84976143379,0.0291227076363
1.86,0.323641230014,-0.323641230014,0.26435808506,1,-0.0603302164268,0.150951659995,1.85973915436,0.0300200331342
1.87,0.320909960691,-0.320909960691,0.265112002052,1,-0.0609561113967,0.153599025453,1.86971542738,0.0309374793493
1.88,0.318058582495,-0.318058582495,0.265773777736,1,-0.0615684447129,0.156253467556,1.87969018857,0.0318752517607
1.89,0.315090716891,-0.315090716891,0.266343033294,1,-0.0621667528461,0.158914062991,1.88966337227,0.0328335510432
1.9,0.312010108866,-0.312010108866,0.266819494105,1,-0.0627505842505,0.161579885179,1.89963491153,0.0338125729036
1.91,0.308820619062,-0.308820619062,0.267202989763,1,-0.063319499997,0.164250005309,1.90960473809,0.0348125079224
1.92,0.305526215739,-0.305526215739,0.26749345391,1,-0.0638730743843,0.166923493388,1.91957278249,0.0358335413991
1.93,0.302130966566,-0.302130966566,0.267690923847,1,-0.064410895527,0.169599419278,1.9295389741,0.0368758532037
1.94,0.298639030284,-0.298639030284,0.267795539965,1,-0.0649325659206,0.172276853726,1.93950324116,0.0379396176325
1.95,0.295054648252,-0.295054648252,0.267807544973,1,-0.0654377029801,0.174954869396,1.94946551086,0.0390250032702
1.96,0.291382135902,-0.291382135902,0.267727282929,1,-0.0659259395533,0.177632541886,1.9594257094,0.0401321728568
1.97,0.287625874134,-0.287625874134,0.267555198093,1,-0.066396924406,0.180308950739,1.96938376206,0.0412612831615
1.98,0.283790300668,-0.283790300668,0.267291833583,1,-0.0668503226806,0.182983180432,1.97933959325,0.0424124848619
1.99,0.279879901375,-0.279879901375,0.266937829861,1,-0.0672858163273,0.185654321364,1.9892931266,0.04358592243
2.0,0.275899201622,-0.275899201622,0.266493923037,1,-0.0677031044988,0.18832147082,1.99924428504,0.0447817340242
2.01,0.271852757634,-0.271852757634,0.265960943008,1,-0.0681019039175,0.190983733916,2.00919299086,0.0460000513874
2.02,0.267745147923,-0.267745147923,0.265339811437,1,-0.0684819492126,0.193640224529,2.01913916578,0.047240999753
2.03,0.263580964778,-0.263580964778,0.264631539561,1,-0.0688429932242,0.196290066202,2.02908273106,0.0485046977576
2.04,0.259364805858,-0.259364805858,0.26383722587,1,-0.0691848072764,0.198932393032,2.03902360759,0.0497912573607
2.05,0.255101265898,-0.255101265898,0.262958053623,1,-0.0695071814168,0.201566350524,2.04896171593,0.0511007837712
2.06,0.250794928558,-0.250794928558,0.26199528824,1,-0.0698099246238,0.20419109643,2.05889697643,0.0524333753816
2.07,0.246450358423,-0.246450358423,0.260950274559,1,-0.0700928649803,0.206805801558,2.06882930932,0.0537891237092
2.08,0.24207209318,-0.24207209318,0.259824433977,1,-0.0703558498145,0.209409650547,2.07875863479,0.055168113345
2.09,0.237664635992,-0.237664635992,0.258619261481,1,-0.0705987458068,0.212001842623,2.08868487307,0.0565704219097
2.1,0.233232448077,-0.233232448077,0.257336322564,1,-0.0708214390643,0.214581592314,2.09860794456,0.0579961200169
2.11,0.228779941523,-0.228779941523,0.255977250061,1,-0.0710238351612,0.217148130144,2.10852776986,0.0594452712445
2.12,0.224311472334,-0.224311472334,0.254543740884,1,-0.071205859147,0.219700703289,2.11844426993,0.0609179321131
2.13,0.21983133374,-0.21983133374,0.253037552692,1,-0.0713674555212,0.222238576199,2.12835736613,0.0624141520712
2.14,0.215343749771,-0.215343749771,0.251460500482,1,-0.0715085881766,0.224761031189,2.13826698034,0.0639339734893
2.15,0.210852869119,-0.210852869119,0.249814453126,1,-0.0716292403101,0.227267368998,2.14817303506,0.0654774316597
2.16,0.206362759283,-0.206362759283,0.248101329853,1,-0.0717294143018,0.229756909304,2.15807545345,0.0670445548048
2.17,0.201877401018,-0.201877401018,0.246323096693,1,-0.0718091315639,0.232228991216,2.1679741595,0.0686353640919
2.18,0.197400683103,-0.197400683103,0.244481762886,1,-0.0718684323593,0.234682973721,2.17786907803,0.0702498736554
2.19,0.19293639741,-0.19293639741,0.242579377263,1,-0.0719073755901,0.237118236097,2.18776013488,0.0718880906259
2.2,0.188488234312,-0.188488234312,0.240618024618,1,-0.0719260385583,0.239534178292,2.19764725688,0.0735500151663
2.21,0.184059778407,-0.184059778407,0.238599821679,1,-0.0719245170248,0.241930221408,2.20753037203,0.0752356405174
2.22,0.179654504589,-0.179654504589,0.236526914243,1,-0.0719029242505,0.244305807721,2.21740940955,0.0769449530366
2.23,0.175275774437,-0.175275774437,0.234401473177,1,-0.0718613910086,0.246660401094,2.22728429996,0.0786779322622
2.24,0.170926832957,-0.170926832957,0.232225690801,1,-0.071800065242,0.248993487203,2.23715497517,0.0804345509751
2.25,0.166610805654,-0.166610805654,0.230001777308,1,-0.0717191116946,0.251304573739,2.24702136855,0.0822147752674
2.26,0.162330695938,-0.162330695938,0.227731957217,1,-0.071618711518,0.253593190567,2.256883415,0.0840185646164
2.27,0.158089382879,-0.158089382879,0.22541846586,1,-0.0714990618571,0.255858889851,2.26674105103,0.0858458719651
2.28,0.15388961928,-0.15388961928,0.223063545929,1,-0.0713603754153,0.258101246144,2.27659421483,0.0876966438072
2.29,0.149734030089,-0.149734030089,0.220669444072,1,-0.0712028799996,0.260319856449,2.28644284632,0.0895708202785
2.3,0.145625111137,-0.145625111137,0.218238407548,1,-0.0710268180478,0.262514340237,2.29628688725,0.0914683352526
2.31,0.141565228193,-0.141565228193,0.215772680959,1,-0.0708324461383,0.264684339437,2.30612628121,0.0933891164421
2.32,0.137556616331,-0.137556616331,0.213274503048,1,-0.0706200344851,0.266829518397,2.31596097373,0.0953330855041
2.33,0.133601379613,-0.133601379613,0.210746103583,1,-0.0703898664172,0.268949563805,2.32579091231,0.0973001581507
2.34,0.129701491062,-0.129701491062,0.208189700322,1,-0.0701422378453,0.271044184588,2.33561604648,0.0992902442627
2.35,0.125858792932,-0.125858792932,0.205607496072,1,-0.0698774567167,0.273113111776,2.34543632785,0.101303248009
2.36,0.122074997259,-0.122074997259,0.203001675838,1,-0.0695958424594,0.275156098336,2.35525171014,0.103339067966
2.37,0.118351686681,-0.118351686681,0.200374404078,1,-0.069297725417,0.277172918983,2.36506214923,0.105397597249
2.38,0.114690315526,-0.114690315526,0.197727822054,1,-0.0689834462756,0.279163369959,2.3748676032,0.107478723634
2.39,0.111092211146,-0.111092211146,0.195064045292,1,-0.068653355484,0.281127268791,2.38466803233,0.109582329694
2.4,0.107558575495,-0.107558575495,0.192385161153,1,-0.0683078126684,0.283064454018,2.39446339917,0.111708292934
2.41,0.104090486931,-0.104090486931,0.189693226512,1,-0.0679471860429,0.284974784899,2.40425366857,0.113856485924
2.42,0.10068890224,-0.10068890224,0.186990265559,1,-0.0675718518174,0.286858141101,2.41403880765,0.116026776445
2.43,0.0973546588616,-0.0973546588616,0.184278267707,1,-0.0671821936034,0.288714422355,2.42381878584,0.118219027625
2.44,0.0940884773046,-0.0940884773046,0.181559185622,1,-0.0667786018197,0.290543548102,2.43359357494,0.120433098086
2.45,0.0908909637449,-0.0908909637449,0.178834933378,1,-0.0663614730983,0.292345457116,2.44336314904,0.122668842086
2.46,0.0877626127882,-0.0877626127882,0.176107384721,1,-0.0659312096929,0.294120107109,2.45312748463,0.124926109669
2.47,0.0847038103861,-0.0847038103861,0.173378371462,1,-0.06548821889,0.295867474321,2.46288656051,0.12720474681
2.48,0.081714836893,-0.081714836893,0.17064968199,1,-0.0650329124236,0.29758755309,2.47264035785,0.129504595565
2.49,0.07879587025,-0.07879587025,0.167923059899,1,-0.064565705896,0.299280355414,2.48238886016,0.131825494217
2.5,0.0759469892842,-0.0759469892842,0.165200202747,1,-0.0640870182041,0.300945910495,2.49213205329,0.134167277432
2.51,0.0731681771092,-0.0731681771092,0.162482760922,1,-0.0635972709727,0.302584264274,2.50186992542,0.136529776403
2.52,0.0704593246147,-0.0704593246147,0.159772336633,1,-0.0630968879967,0.304195478954,2.51160246703,0.138912819003
2.53,0.0678202340335,-0.0678202340335,0.157070483023,1,-0.0625862946912,0.305779632512,2.52132967093,0.141316229935
2.54,0.0652506225723,-0.0652506225723,0.154378703384,1,-0.0620659175519,0.307336818208,2.53105153218,0.143739830879
2.55,0.0627501260952,-0.0627501260952,0.151698450498,1,-0.0615361836267,0.308867144079,2.54076804811,0.146183440646
2.56,0.060318302848,-0.060318302848,0.149031126082,1,-0.0609975199974,0.310370732436,2.55047921827,0.148646875322
2.57,0.0579546372118,-0.0579546372118,0.146378080348,1,-0.0604503532743,0.311847719345,2.56018504443,0.151129948418
2.58,0.0556585434746,-0.0556585434746,0.143740611667,1,-0.059895109104,0.313298254117,2.56988553052,0.153632471017
2.59,0.0534293696112,-0.0534293696112,0.141119966332,1,-0.059332211689,0.314722498781,2.57958068261,0.156154251918
2.6,0.0512664010595,-0.0512664010595,0.138517338431,1,-0.058762083323,0.316120627571,2.58927050889,0.158695097783
2.61,0.0491688644846,-0.0491688644846,0.13593386981,1,-0.0581851439396,0.317492826396,2.59895501959,0.161254813276
2.62,0.0471359315216,-0.0471359315216,0.133370650138,1,-0.0576018106762,0.318839292323,2.60863422699,0.163833201207
2.63,0.0451667224856,-0.0451667224856,0.130828717055,1,-0.057012497453,0.320160233053,2.61830814535,0.166430062672
2.64,0.0432603100443,-0.0432603100443,0.128309056414,1,-0.0564176145683,0.321455866404,2.62797679088,0.169045197189
2.65,0.0414157228407,-0.0414157228407,0.125812602605,1,-0.0558175683096,0.322726419794,2.63764018169,0.171678402834
2.66,0.0396319490629,-0.0396319490629,0.123340238959,1,-0.0552127605805,0.323972129728,2.64729833773,0.174329476377
2.67,0.0379079399495,-0.0379079399495,0.120892798228,1,-0.0546035885449,0.325193241289,2.65695128077,0.176998213411
2.68,0.0362426132273,-0.0362426132273,0.118471063142,1,-0.0539904442878,0.326390007639,2.66659903434,0.179684408481
2.69,0.0346348564736,-0.0346348564736,0.116075767027,1,-0.0533737144929,0.327562689515,2.67624162366,0.182387855216
2.7,0.033083530398,-0.033083530398,0.113707594498,1,-0.052753780137,0.328711554747,2.68587907562,0.185108346448
2.71,0.0315874720382,-0.0315874720382,0.111367182204,1,-0.0521310162019,0.329836877766,2.69551141872,0.187845674337
2.72,0.0301454978655,-0.0301454978655,0.109055119634,1,-0.0515057914032,0.330938939136,2.705138683,0.190599630489
2.73,0.028756406796,-0.028756406796,0.106771949979,1,-0.0508784679361,0.332018025079,2.71476090001,0.193370006075
2.74,0.0274189831032,-0.0274189831032,0.104518171039,1,-0.0502494012385,0.333074427026,2.72437810274,0.196156591945
2.75,0.0261319992295,-0.0261319992295,0.102294236175,1,-0.0496189397706,0.334108441157,2.73399032556,0.198959178739
2.76,0.0248942184935,-0.0248942184935,0.100100555307,1,-0.0489874248117,0.335120367972,2.74359760421,0.201777556996
2.77,0.0237043976907,-0.0237043976907,0.097937495944,1,-0.0483551902737,0.336110511855,2.75319997567,0.20461151726
2.78,0.022561289586,-0.022561289586,0.095805384255,1,-0.0477225625304,0.337079180657,2.76279747819,0.207460850184
2.79,0.0214636452969,-0.0214636452969,0.0937045061621,1,-0.0470898602638,0.33802668529,2.77239015115,0.210325346629
2.8,0.020410216565,-0.020410216565,0.0916351084665,1,-0.046457394326,0.338953339326,2.78197803508,0.213204797765
2.81,0.0193997579172,-0.0193997579172,0.0895973999951,1,-0.0458254676166,0.339859458616,2.79156117156,0.216098995163
2.82,0.0184310287142,-0.0184310287142,0.0875915527669,1,-0.0451943749762,0.340745360915,2.80113960319,0.219007730884
2.83,0.0175027950881,-0.0175027950881,0.0856177031767,1,-0.0445644030941,0.341611365517,2.8107133735,0.221930797575
2.84,0.0166138317688,-0.0166138317688,0.0836759531905,1,-0.0439358304312,0.342457792908,2.82028252696,0.224867988551
2.85,0.0157629237995,-0.0157629237995,0.0817663715526,1,-0.0433089271571,0.343284964427,2.82984710884,0.227819097875
2.86,0.0149488681433,-0.0149488681433,0.0798889949979,1,-0.0426839551015,0.34409320194,2.83940716525,0.230783920446
2.87,0.0141704751818,-0.0141704751818,0.0780438294702,1,-0.0420611677184,0.344882827523,2.84896274302,0.233762252069
2.88,0.0134265701066,-0.0134265701066,0.0762308513399,1,-0.0414408100646,0.345654163166,2.85851388968,0.236753889532
2.89,0.0127159942072,-0.0127159942072,0.074450008622,1,-0.0408231187892,0.346407530478,2.86806065341,0.239758630681
2.9,0.0120376060553,-0.0120376060553,0.0727012221893,1,-0.0402083221373,0.347143250412,2.87760308296,0.242776274483
2.91,0.0113902825898,-0.0113902825898,0.0709843869802,1,-0.0395966399643,0.347861643001,2.88714122764,0.245806621095
2.92,0.0107729201032,-0.0107729201032,0.0692993731997,1,-0.0389882837615,0.3485630271,2.89667513727,0.24884947193
2.93,0.0101844351333,-0.0101844351333,0.0676460275047,1,-0.0383834566934,0.349247720147,2.90620486209,0.25190462971
2.94,0.00962376526217,-0.00962376526217,0.0660241741789,1,-0.0377823536451,0.349916037937,2.91573045277,0.254971898532
2.95,0.00908986982582,-0.00908986982582,0.0644336162936,1,-0.0371851612789,0.350568294398,2.92525196031,0.258051083917
2.96,0.00858173053738,-0.00858173053738,0.0628741368515,1,-0.0365920581016,0.351204801391,2.93476943605,0.261141992865
2.97,0.00809835202678,-0.00809835202678,0.0613454999134,1,-0.0360032145396,0.351825868508,2.9442829316,0.264244433901
2.98,0.00763876230045,-0.00763876230045,0.0598474517052,1,-0.0354187930234,0.352431802896,2.95379249878,0.26735821713
2.99,0.00720201312399,-0.00720201312399,0.0583797217029,1,-0.0348389480794,0.353022909077,2.96329818962,0.270483154271
3.0,0.00678718033145,-0.00678718033145,0.0569420236975,1,-0.0342638264298,0.35359948879,2.97280005629,0.27361905871
3.01,0.00639336406429,-0.00639336406429,0.0555340568343,1,-0.0336935670993,0.354161840838,2.98229815109,0.27676574553
3.02,0.00601968894365,-0.00601968894365,0.0541555066299,1,-0.0331283015284,0.354710260948,2.99179252636,0.279923031554
3.03,0.0056653041791,-0.0056653041791,0.0528060459625,1,-0.0325681536932,0.355245041639,3.00128323451,0.283090735378
3.04,0.00532938361751,-0.00532938361751,0.0514853360365,1,-0.0320132402302,0.355766472097,3.01077032795,0.286268677406
3.05,0.00501112573517,-0.00501112573517,0.0501930273214,1,-0.031463670567,0.356274838069,3.02025385904,0.289456679874
3.06,0.00470975357674,-0.00470975357674,0.0489287604612,1,-0.0309195470578,0.356770421757,3.02973388011,0.292654566886
3.07,0.0044245146441,-0.0044245146441,0.0476921671582,1,-0.0303809651225,0.357253501723,3.03921044337,0.295862164434
3.08,0.00415468073869,-0.00415468073869,0.0464828710271,1,-0.029848013391,0.357724352807,3.04868360093,0.299079300425
3.09,0.00389954776023,-0.00389954776023,0.0453004884209,1,-0.0293207738497,0.358183246048,3.05815340472,0.302305804702
3.1,0.00365843546519,-0.00365843546519,0.0441446292282,1,-0.0287993219925,0.358630448615,3.06761990652,0.305541509062
3.11,0.0034306871881,-0.0034306871881,0.0430148976416,1,-0.0282837269735,0.35906622375,3.0770831579,0.308786247277
3.12,0.00321566952853,-0.00321566952853,0.0419108928965,1,-0.0277740517623,0.35949083071,3.08654321017,0.312039855108
3.13,0.00301277200692,-0.00301277200692,0.0408322099818,1,-0.0272703533021,0.359904524722,3.09600011442,0.315302170319
3.14,0.00282140669191,-0.00282140669191,0.0397784403212,1,-0.0267726826687,0.360307556948,3.10545392144,0.318573032691
3.15,0.002641007802,-0.002641007802,0.0387491724258,1,-0.0262810852305,0.360700174447,3.11490468173,0.32185228403
3.16,0.00247103128427,-0.00247103128427,0.037743992518,1,-0.0257956008109,0.361082620153,3.12435244547,0.325139768179
3.17,0.00231095437254,-0.00231095437254,0.036762485128,1,-0.0253162638499,0.361455132853,3.13379726249,0.328435331021
3.18,0.00216027512765,-0.00216027512765,0.0358042336612,1,-0.0248431035672,0.361817947174,3.14323918227,0.331738820491
3.19,0.00201851196204,-0.00201851196204,0.0348688209388,1,-0.0243761441247,0.362171293575,3.1526782539,0.335050086574
3.2,0.00188520315098,-0.00188520315098,0.0339558297113,1,-0.0239154047891,0.362515398341,3.16211452609,0.338368981311
3.21,0.00175990633256,-0.00175990633256,0.0330648431449,1,-0.0234609000944,0.362850483587,3.17154804713,0.341695358801
3.22,0.00164219799849,-0.00164219799849,0.0321954452824,1,-0.0230126400031,0.363176767266,3.18097886488,0.345029075199
3.23,0.00153167297769,-0.00153167297769,0.0313472214776,1,-0.022570630067,0.363494463177,3.19040702677,0.348369988714
3.24,0.00142794391437,-0.00142794391437,0.0305197588054,1,-0.0221348715867,0.363803780979,3.19983257979,0.351717959612
3.25,0.00133064074249,-0.00133064074249,0.0297126464476,1,-0.0217053617699,0.364104926216,3.20925557043,0.355072850204
3.26,0.0012394101581,-0.0012394101581,0.0289254760537,1,-0.021282093888,0.364398100334,3.21867604474,0.358434524846
3.27,0.00115391509112,-0.00115391509112,0.0281578420802,1,-0.0208650574312,0.364683500709,3.22809404827,0.361802849936
3.28,0.00107383417798,-0.00107383417798,0.0274093421057,1,-0.0204542382615,0.36496132068,3.23750962608,0.365177693898
3.29,0.000998861236379,-0.000998861236379,0.0266795771257,1,-0.0200496187638,0.365231749577,3.24692282271,0.368558927182
3.3,0.000928704743529,-0.000928704743529,0.0259681518249,1,-0.0196511779951,0.365494972758,3.2563336822,0.371946422251
3.31,0.000863087318782,-0.000863087318782,0.0252746748299,1,-0.0192588918308,0.365751171649,3.26574224808,0.375340053574
3.32,0.000801745211886,-0.000801745211886,0.024598758942,1,-0.0188727331092,0.366000523783,3.27514856334,0.378739697609
3.33,0.000744427797687,-0.000744427797687,0.0239400213504,1,-0.018492671773,0.366243202843,3.28455267044,0.382145232799
3.34,0.000690897078178,-0.000690897078178,0.0232980838279,1,-0.0181186750087,0.366479378706,3.29395461131,0.385556539555
3.35,0.000640927192661,-0.000640927192661,0.0226725729084,1,-0.0177507073822,0.366709217492,3.30335442734,0.388973500242
3.36,0.000594303936719,-0.000594303936719,0.0220631096158,1,-0.0173887302886,0.366932885346,3.31275216024,0.392395996658
3.37,0.000550824290608,-0.000550824290608,0.021469340531,1,-0.0170327039235,0.367150537415,3.32214784949,0.395823917406
3.38,0.000510295957627,-0.000510295957627,0.0208909073779,1,-0.0166825857742,0.367362328838,3.33154153481,0.399257150632
3.39,0.000472536912926,-0.000472536912926,0.0203274571888,1,-0.0163383312248,0.367568411198,3.3409332554,0.402695586377
3.4,0.000437374963168,-0.000437374963168,0.0197786424044,1,-0.0159998936777,0.367768932573,3.35032304988,0.406139116564
3.41,0.000404647317396,-0.000404647317396,0.0192441209605,1,-0.0156672246721,0.367964037598,3.35971095634,0.409587634975
3.42,0.000374200169377,-0.000374200169377,0.0187235563613,1,-0.0153402739995,0.368153867511,3.36909701229,0.413041037238
3.43,0.000345888291668,-0.000345888291668,0.018216617741,1,-0.0150189898161,0.368338560216,3.37848125469,0.416499220809
3.44,0.000319574641572,-0.000319574641572,0.0177229799135,1,-0.014703318752,0.368518250337,3.38786371995,0.419962084951
3.45,0.000295129979117,-0.000295129979117,0.0172423234115,1,-0.0143932060171,0.368693069274,3.39724444393,0.423429530719
3.46,0.000272432497134,-0.000272432497134,0.0167743345151,1,-0.0140885955045,0.368863145262,3.4066234619,0.426901460936
3.47,0.000251367463484,-0.000251367463484,0.0163187052706,1,-0.0137894298896,0.369028603429,3.41600080862,0.430377780179
3.48,0.000231826875423,-0.000231826875423,0.0158751335002,1,-0.0134956507273,0.36918956585,3.42537651828,0.433858394757
3.49,0.000213709126072,-0.000213709126072,0.015443322803,1,-0.0132071985454,0.36934615161,3.43475062451,0.437343212688
3.5,0.000196918682922,-0.000196918682922,0.0150229825482,1,-0.012924012935,0.369498476857,3.44412316041,0.440832143684
3.51,0.000181365778272,-0.000181365778272,0.0146138278603,1,-0.0126460326377,0.369646654864,3.45349415853,0.444325099127
3.52,0.000166966111467,-0.000166966111467,0.0142155795976,1,-0.0123731956304,0.369790796082,3.46286365088,0.447821992051
3.53,0.000153640562784,-0.000153640562784,0.0138279643241,1,-0.0121054392059,0.369931008202,3.47223166892,0.451322737119
3.54,0.000141314918788,-0.000141314918788,0.0134507142749,1,-0.0118427000521,0.370067396206,3.4815982436,0.4548272506
3.55,0.00012991960895,-0.00012991960895,0.0130835673168,1,-0.0115849143268,0.37020006243,3.49096340531,0.458335450355
3.56,0.000119389453329,-0.000119389453329,0.0127262669026,1,-0.0113320177303,0.370329106615,3.50032718394,0.461847255808
3.57,0.000109663421062,-0.000109663421062,0.0123785620214,1,-0.0110839455752,0.370454625964,3.50968960886,0.46536258793
3.58,0.000100684399431,-0.000100684399431,0.0120402071445,1,-0.0108406328536,0.3705767152,3.51905070889,0.468881369216
3.59,9.23989732412e-05,-9.23989732412e-05,0.0117109621663,1,-0.0106020143004,0.370695466615,3.52841051237,0.472403523662
3.6,8.47572142454e-05,-8.47572142454e-05,0.0113905923433,1,-0.0103680244555,0.37081097013,3.53776904712,0.475928976745
3.61,7.77124803296e-05,-7.77124803296e-05,0.0110788682275,1,-0.0101385977224,0.370923313343,3.54712634045,0.479457655403
3.62,7.12212241846e-05,-7.12212241846e-05,0.0107755655991,1,-0.00991366842413,0.371032581584,3.55648241919,0.482989488011
3.63,6.5242811169e-05,-6.5242811169e-05,0.010480465395,1,-0.00969317085734,0.371138857969,3.56583730966,0.486524404361
3.64,5.9739346071e-05,-5.9739346071e-05,0.0101933536354,1,-0.00947703934324,0.371242223448,3.57519103771,0.490062335641
3.65,5.46755084752e-05,-5.46755084752e-05,0.00991402134823,1,-0.00926520827649,0.371342756854,3.5845436287,0.493603214412
3.66,5.00183964359e-05,-5.00183964359e-05,0.009642264492,1,-0.00905761217169,0.371440534959,3.5938951075,0.497146974587
3.67,4.57373781615e-05,-4.57373781615e-05,0.00937788387676,1,-0.00885418570749,0.371535632516,3.60324549854,0.500693551414
3.68,4.18039514131e-05,-4.18039514131e-05,0.0091206850838,1,-0.00865486376853,0.371628122313,3.61259482576,0.504242881447
3.69,3.81916103245e-05,-3.81916103245e-05,0.0088704783843,1,-0.00845958148523,0.371718075214,3.62194311265,0.507794902533
3.7,3.48757193509e-05,-3.48757193509e-05,0.00862707865697,1,-0.0082682742714,0.371805560213,3.63129038225,0.511349553786
3.71,3.18333940605e-05,-3.18333940605e-05,0.00839030530508,1,-0.0080808778599,0.371890644471,3.64063665716,0.514906775569
3.72,2.90433884838e-05,-2.90433884838e-05,0.00815998217281,1,-0.00789732833621,0.37197339337,3.64998195952,0.51846650947
3.73,2.64859887427e-05,-2.64859887427e-05,0.00793593746139,1,-0.00771756217017,0.37205387055,3.65932631106,0.522028698286
3.74,2.41429126862e-05,-2.41429126862e-05,0.00771800364494,1,-0.00754151624574,0.372132137954,3.66866973305,0.525593286
3.75,2.19972152649e-05,-2.19972152649e-05,0.00750601738629,1,-0.00736912788912,0.372208255873,3.67801224638,0.52916021776
3.76,2.0033199383e-05,-2.0033199383e-05,0.00729981945289,1,-0.00720033489495,0.372282282983,3.68735387148,0.532729439862
3.77,1.82363319735e-05,-1.82363319735e-05,0.00709925463292,1,-0.00703507555094,0.372354276389,3.69669462841,0.536300899727
3.78,1.6593165048e-05,-1.6593165048e-05,0.00690417165176,1,-0.0068732886608,0.372424291665,3.70603453679,0.539874545883
3.79,1.50912614816e-05,-1.50912614816e-05,0.00671442308885,1,-0.00671491356568,0.372492382889,3.71537361586,0.543450327945
3.8,1.3719125298e-05,-1.3719125298e-05,0.00652986529466,1,-0.00655989016377,0.372558602686,3.72471188448,0.547028196596
3.81,1.24661362303e-05,-1.24661362303e-05,0.00635035827839,1,-0.00640815891594,0.372623002274,3.73404936111,0.550608103559
3.82,1.13224883382e-05,-1.13224883382e-05,0.00617576568835,1,-0.00625966088801,0.372685631477,3.74338606384,0.554190001593
3.83,1.02791324709e-05,-1.02791324709e-05,0.00600595470062,1,-0.00611433775406,0.372746538776,3.75272201037,0.557773844474
3.84,9.32772237365e-06,-9.32772237365e-06,0.00584079593955,1,-0.00597213181083,0.37280577134,3.76205721804,0.561359586964
3.85,8.46056424041e-06,-8.46056424041e-06,0.00568016339915,1,-0.00583298599076,0.372863375059,3.77139170385,0.564947184805
3.86,7.67056952707e-06,-7.67056952707e-06,0.00552393436541,1,-0.00569684387395,0.372919394583,3.78072548441,0.568536594693
3.87,6.95121084343e-06,-6.95121084343e-06,0.00537198933977,1,-0.00556364969889,0.37297387335,3.79005857601,0.572127774262
3.88,6.29648075172e-06,-6.29648075172e-06,0.00522421196356,1,-0.00543334837212,0.373026853618,3.79939099459,0.575720682067
3.89,5.7008533062e-06,-5.7008533062e-06,0.00508048894361,1,-0.00530588547687,0.373078376498,3.80872275573,0.579315277568
3.9,5.15924817561e-06,-5.15924817561e-06,0.00494070997899,1,-0.00518120728062,0.373128481982,3.81805387472,0.58291152111
3.91,4.66699719751e-06,-4.66699719751e-06,0.00480476768899,1,-0.00505926074174,0.373177208976,3.82738436648,0.586509373907
3.92,4.21981322031e-06,-4.21981322031e-06,0.00467255754215,1,-0.00493999351524,0.373224595325,3.83671424565,0.590108798027
3.93,3.81376109585e-06,-3.81376109585e-06,0.00454397778673,1,-0.00482335395754,0.373270677841,3.84604352653,0.593709756373
3.94,3.44523069185e-06,-3.44523069185e-06,0.00441892938224,1,-0.00470929113055,0.373315492337,3.85537222312,0.597312212669
3.95,3.11091179993e-06,-3.11091179993e-06,0.00429731593676,1,-0.00459775480715,0.373359073642,3.86470034913,0.600916131442
3.96,2.80777082127e-06,-2.80777082127e-06,0.00417904364971,1,-0.00448869547839,0.373401455634,3.87402791794,0.604521478015
3.97,2.53302911816e-06,-2.53302911816e-06,0.00406402123451,1,-0.00438206434887,0.373442671262,3.88335494266,0.608128218482
3.98,2.28414292505e-06,-2.28414292505e-06,0.00395215985438,1,-0.00427781333724,0.373482752576,3.89268143612,0.611736319694
3.99,2.05878471899e-06,-2.05878471899e-06,0.00384337306031,1,-0.00417589507662,0.373521730751,3.90200741085,0.615345749246
4.0,1.85482595429e-06,-1.85482595429e-06,0.00373757673027,1,-0.00407626291432,0.373559636105,3.91133287912,0.618956475456
4.01,1.67032107174e-06,-1.67032107174e-06,0.00363468900976,1,-0.00397887091104,0.373596498132,3.92065785292,0.622568467359
4.02,1.50349269756e-06,-1.50349269756e-06,0.00353463025354,1,-0.00388367383947,0.373632345515,3.92998234399,0.626181694685
4.03,1.35271795229e-06,-1.35271795229e-06,0.00343732296872,1,-0.00379062718242,0.373667206151,3.93930636378,0.629796127849
4.04,1.21651579421e-06,-1.21651579421e-06,0.003342691759,1,-0.00369968713038,0.373701107175,3.94862992351,0.633411737937
4.05,1.09353532646e-06,-1.09353532646e-06,0.00325066327024,1,-0.0036108105787,0.373734074977,3.95795303416,0.637028496688
4.06,9.82545001217e-07,-9.82545001217e-07,0.00316116613718,1,-0.00352395512431,0.373766135225,3.96727570642,0.640646376486
4.07,8.82422658135e-07,-8.82422658135e-07,0.00307413093146,1,-0.00343907906198,0.373797312879,3.9765979508,0.644265350344
4.08,7.92146338405e-07,-7.92146338405e-07,0.00298949011078,1,-0.00335614138027,0.37382763222,3.98591977752,0.647885391892
4.09,7.10785819098e-07,-7.10785819098e-07,0.00290717796927,1,-0.00327510175707,0.37385711686,3.9952411966,0.651506475362
4.1,6.37494816143e-07,-6.37494816143e-07,0.00282713058899,1,-0.00319592055482,0.373885789761,4.00456221783,0.655128575577
4.11,5.71503807474e-07,-5.71503807474e-07,0.00274928579269,1,-0.00311855881542,0.373913673258,4.01388285077,0.65875166794
4.12,5.12113431018e-07,-5.12113431018e-07,0.0026735830976,1,-0.00304297825484,0.373940789072,4.02320310477,0.662375728419
4.13,4.58688415153e-07,-4.58688415153e-07,0.00259996367037,1,-0.00296914125747,0.373967158326,4.03252298897,0.666000733536
4.14,4.10652002036e-07,-4.10652002036e-07,0.00252837028316,1,-0.00289701087018,0.373992801564,4.04184251229,0.669626660357
4.15,3.67480826852e-07,-3.67480826852e-07,0.00245874727072,1,-0.00282655079623,0.374017738766,4.05116168345,0.673253486477
4.16,3.28700218516e-07,-3.28700218516e-07,0.00239104048862,1,-0.00275772538885,0.374041989362,4.06048051098,0.676881190012
4.17,2.93879889709e-07,-2.93879889709e-07,0.00232519727249,1,-0.00269049964473,0.374065572249,4.06979900321,0.680509749586
4.18,2.62629986323e-07,-2.62629986323e-07,0.00226116639825,1,-0.00262483919726,0.374088505803,4.07911716827,0.68413914432
4.19,2.34597468501e-07,-2.34597468501e-07,0.00219889804341,1,-0.00256071030963,0.374110807898,4.08843501412,0.687769353825
4.2,2.09462797381e-07,-2.09462797381e-07,0.0021383437493,1,-0.0024980798678,0.374132495913,4.0977525485,0.691400358184
4.21,1.86936903496e-07,-1.86936903496e-07,0.00207945638428,1,-0.00243691537326,0.374153586751,4.10706977902,0.695032137948
4.22,1.66758414528e-07,-1.66758414528e-07,0.00202219010789,1,-0.00237718493581,0.374174096851,4.11638671308,0.698664674124
4.23,1.48691121684e-07,-1.48691121684e-07,0.00196650033596,1,-0.00231885726605,0.374194042198,4.12570335792,0.702297948164
4.24,1.32521665526e-07,-1.32521665526e-07,0.00191234370656,1,-0.00226190166793,0.374213438339,4.1350197206,0.705931941958
4.25,1.18057423445e-07,-1.18057423445e-07,0.00185967804686,1,-0.00220628803113,0.374232300393,4.14433580803,0.70956663782
4.26,1.05124582357e-07,-1.05124582357e-07,0.0018084623409,1,-0.0021519868234,0.374250643061,4.15365162696,0.713202018483
4.27,9.35663813599e-08,-9.35663813599e-08,0.00175865669814,1,-0.00209896908281,0.374268480643,4.16296718396,0.716838067087
4.28,8.32415103148e-08,-8.32415103148e-08,0.00171022232284,1,-0.00204720641,0.374285827044,4.17228248547,0.720474767172
4.29,7.4022651333e-08,-7.4022651333e-08,0.00166312148431,1,-0.00199667096034,0.374302695786,4.18159753777,0.724112102667
4.3,6.57951511877e-08,-6.57951511877e-08,0.00161731748786,1,-0.00194733543608,0.374319100019,4.19091234698,0.727750057882
4.31,5.84558135824e-08,-5.84558135824e-08,0.0015727746466,1,-0.00189917307845,0.374335052532,4.2002269191,0.731388617501
4.32,5.19118010809e-08,-5.19118010809e-08,0.00152945825392,1,-0.00185215765978,0.374350565762,4.20954125997,0.735027766573
4.33,4.60796373091e-08,-4.60796373091e-08,0.00148733455675,1,-0.00180626347562,0.374365651802,4.2188553753,0.738667490502
4.34,4.08843007844e-08,-4.08843007844e-08,0.0014463707295,1,-0.00176146533678,0.374380322415,4.22816927065,0.742307775041
4.35,3.62584024244e-08,-3.62584024244e-08,0.00140653484874,1,-0.0017177385615,0.374394589038,4.23748295147,0.745948606283
4.36,3.2141439427e-08,-3.2141439427e-08,0.00136779586852,1,-0.00167505896751,0.374408462794,4.24679642308,0.749589970656
4.37,2.84791188116e-08,-2.84791188116e-08,0.00133012359637,1,-0.00163340286419,0.374421954501,4.25610969064,0.753231854909
4.38,2.52227444617e-08,-2.52227444617e-08,0.0012934886699,1,-0.00159274704473,0.374435074676,4.26542275923,0.756874246114
4.39,2.23286620177e-08,-2.23286620177e-08,0.00125786253416,1,-0.00155306877831,0.37444783355,4.27473563377,0.76051713165
4.4,1.97577564414e-08,-1.97577564414e-08,0.00122321741942,1,-0.00151434580235,0.374460241071,4.28404831911,0.764160499202
4.41,1.7474997507e-08,-1.7474997507e-08,0.00118952631972,1,-0.00147655631475,0.374472306913,4.29336081993,0.767804336749
4.42,1.54490288762e-08,-1.54490288762e-08,0.00115676297192,1,-0.00143967896621,0.374484040484,4.30267314083,0.771448632564
4.43,1.36517967835e-08,-1.36517967835e-08,0.0011249018353,1,-0.00140369285258,0.374495450932,4.3119852863,0.775093375199
4.44,1.20582146993e-08,-1.20582146993e-08,0.00109391807179,1,-0.00136857750731,0.374506547156,4.32129726071,0.778738553485
4.45,1.06458606523e-08,-1.06458606523e-08,0.00106378752665,1,-0.00133431289388,0.374517337806,4.33060906833,0.782384156524
4.46,9.39470418048e-09,-9.39470418048e-09,0.00103448670973,1,-0.00130087939834,0.374527831297,4.33992071332,0.786030173681
4.47,8.28686014639e-09,-8.28686014639e-09,0.00100599277724,1,-0.00126825782192,0.374538035811,4.34923219976,0.789676594579
4.48,7.30636689525e-09,-7.30636689525e-09,0.000978283513963,1,-0.00123642937365,0.374547959305,4.3585435316,0.793323409094
4.49,6.43898645818e-09,-6.43898645818e-09,0.000951337432046,1,-0.00120537576362,0.374557609475,4.36785471271,0.796970607401
4.5,5.67202470859e-09,-5.67202470859e-09,0.000925133544878,1,-0.00117507901646,0.374566993839,4.37716574685,0.800618179874
4.51,4.99416956717e-09,-4.99416956717e-09,0.000899651411372,1,-0.00114552151481,0.374576119717,4.3864766377,0.804266117105
4.52,4.39534552353e-09,-4.39534552353e-09,0.000874871153229,1,-0.00111668602066,0.37458499423,4.39578738888,0.807914409919
4.53,3.86658290017e-09,-3.86658290017e-09,0.000850773439458,1,-0.00108855566836,0.3745936243,4.40509800389,0.811563049361
4.54,3.39990042851e-09,-3.39990042851e-09,0.000827339471333,1,-0.00106111395775,0.374602016661,4.41440848615,0.815212026699
4.55,2.98819983871e-09,-2.98819983871e-09,0.000804550967748,1,-0.00103434474732,0.374610177861,4.423718839,0.818861333413
4.56,2.62517128531e-09,-2.62517128531e-09,0.000782390150979,1,-0.00100823224747,0.374618114265,4.43302906571,0.822510961191
4.57,2.3052085405e-09,-2.3052085405e-09,0.000760839732843,1,-0.000982761013841,0.374625832067,4.44233916946,0.826160901928
4.58,2.02333298746e-09,-2.02333298746e-09,0.000739882901221,1,-0.000957915940793,0.374633337287,4.45164915334,0.829811147714
4.59,1.77512553693e-09,-1.77512553693e-09,0.000719503306967,1,-0.000933682254873,0.37464063578,4.46095902038,0.833461690837
4.6,1.55666567421e-09,-1.55666567421e-09,0.000699685051162,1,-0.000910045508433,0.374647733241,4.47026877354,0.837112523773
4.61,1.36447691871e-09,-1.36447691871e-09,0.000680412672727,1,-0.000886991573313,0.374654635207,4.47957841569,0.840763639185
4.62,1.19547804788e-09,-1.19547804788e-09,0.000661671136372,1,-0.000864506634612,0.374661347063,4.48888794964,0.844415029915
4.63,1.04693949936e-09,-1.04693949936e-09,0.000643445820876,1,-0.000842577184552,0.374667874045,4.49819737814,0.848066688983
4.64,9.16444422524e-10,-9.16444422524e-10,0.000625722507693,1,-0.00082119001642,0.374674221245,4.50750670385,0.851718609581
4.65,8.01853902202e-10,-8.01853902202e-10,0.000608487369862,1,-0.000800332218605,0.374680393616,4.51681592937,0.85537078507
4.66,7.01275924012e-10,-7.01275924012e-10,0.000591726961232,1,-0.000779991168723,0.374686395973,4.52612505726,0.859023208974
4.67,6.13037693613e-10,-6.13037693613e-10,0.000575428205976,1,-0.000760154527827,0.374692232998,4.53543408999,0.86267587498
4.68,5.3566096044e-10,-5.3566096044e-10,0.000559578388396,1,-0.000740810234706,0.374697909246,4.54474302998,0.86632877693
4.69,4.67840031495e-10,-4.67840031495e-10,0.000544165143006,1,-0.000721946500272,0.374703429145,4.55405187958,0.869981908818
4.7,4.08422192304e-10,-4.08422192304e-10,0.000529176444893,1,-0.000703551802037,0.374708797003,4.56336064109,0.873635264788
4.71,3.56390280693e-10,-3.56390280693e-10,0.000514600600339,1,-0.000685614878673,0.374714017005,4.57266931677,0.877288839131
4.72,3.1084718487e-10,-3.1084718487e-10,0.000500426237696,1,-0.000668124724663,0.374719093226,4.58197790878,0.880942626278
4.73,2.71002060573e-10,-2.71002060573e-10,0.000486642298526,1,-0.000651070585042,0.374724029625,4.59128641927,0.8845966208
4.74,2.36158083104e-10,-2.36158083104e-10,0.000473238028968,1,-0.000634441950213,0.374728830055,4.60059485032,0.888250817404
4.75,2.05701569041e-10,-2.05701569041e-10,0.000460202971357,1,-0.000618228550862,0.374733498259,4.60990320394,0.891905210927
4.76,1.79092319528e-10,-1.79092319528e-10,0.000447526956064,1,-0.000602420352951,0.37473803788,4.61921148212,0.895559796337
4.77,1.55855052463e-10,-1.55855052463e-10,0.000435200093564,1,-0.000587007552799,0.374742452461,4.62851968679,0.899214568726
4.78,1.35571804767e-10,-1.35571804767e-10,0.000423212766722,1,-0.000571980572245,0.374746745444,4.63782781983,0.902869523311
4.79,1.17875198441e-10,-1.17875198441e-10,0.000411555623294,1,-0.000557330053897,0.37475092018,4.64713588306,0.906524655426
4.8,1.02442475299e-10,-1.02442475299e-10,0.000400219568629,1,-0.000543046856463,0.374754979925,4.65644387827,0.910179960524
4.81,8.8990215407e-11,-8.8990215407e-11,0.000389195758576,1,-0.000529122050164,0.374758927846,4.66575180721,0.913835434173
4.82,7.72696632964e-11,-7.72696632964e-11,0.000378475592584,1,-0.000515546912229,0.374762767025,4.67505967157,0.917491072048
4.83,6.70625941592e-11,-6.70625941592e-11,0.000368050706993,1,-0.000502312922471,0.374766500456,4.68436747302,0.921146869937
4.84,5.81776595457e-11,-5.81776595457e-11,0.000357912968514,1,-0.000489411758943,0.374770131051,4.69367521315,0.924802823732
4.85,5.04471586171e-11,-5.04471586171e-11,0.000348054467876,1,-0.000476835293671,0.374773661644,4.70298289355,0.928458929428
4.86,4.37241868772e-11,-4.37241868772e-11,0.000338467513663,1,-0.000464575588469,0.374777094989,4.71229051576,0.932115183121
4.87,3.78801195542e-11,-3.78801195542e-11,0.00032914462631,1,-0.000452624890829,0.374780433765,4.72159808126,0.935771581007
4.88,3.28023915041e-11,-3.28023915041e-11,0.000320078532271,1,-0.000440975629889,0.374783680575,4.73090559151,0.939428119375
4.89,2.83925397114e-11,-2.83925397114e-11,0.000311262158342,1,-0.000429620412472,0.374786837955,4.74021304794,0.94308479461
4.9,2.4564478216e-11,-2.4564478216e-11,0.000302688626143,1,-0.000418552019209,0.374789908366,4.74952045193,0.946741603188
4.91,2.1242978653e-11,-2.1242978653e-11,0.000294351246756,1,-0.000407763400725,0.374792894205,4.75882780483,0.950398541672
4.92,1.83623325888e-11,-1.83623325888e-11,0.000286243515501,1,-0.000397247673905,0.3747957978,4.76813510795,0.954055606714
4.93,1.58651745065e-11,-1.58651745065e-11,0.000278359106865,1,-0.000386998118232,0.374798621418,4.77744236259,0.957712795051
4.94,1.37014466814e-11,-1.37014466814e-11,0.000270691869567,1,-0.00037700817219,0.37480136726,4.78674956999,0.9613701035
4.95,1.1827489307e-11,-1.1827489307e-11,0.000263235821757,1,-0.000367271429742,0.37480403747,4.79605673136,0.965027528961
4.96,1.02052411284e-11,-1.02052411284e-11,0.000255985146352,1,-0.000357781636877,0.374806634131,4.8053638479,0.968685068413
4.97,8.80153752033e-12,-8.80153752033e-12,0.000248934186495,1,-0.000348532688222,0.374809159268,4.81467092077,0.972342718908
4.98,7.58749444638e-12,-7.58749444638e-12,0.000242077441143,1,-0.000339518623724,0.374811614852,4.82397795108,0.976000477578
4.99,6.5379680694e-12,-6.5379680694e-12,0.000235409560777,1,-0.000330733625394,0.374814002798,4.83328493996,0.979658341623
5.0,5.63108096405e-12,-5.63108096405e-12,0.000228925343226,1,-0.000322172014124,0.37481632497,4.84259188845,0.983316308318
