0,0,0,0,0,0,0,0,0
0.01,-0.000673855614718,0.000673855614718,-1.68689472162e-05,1,8.38088365937e-08,-8.47393676739e-08,0.01,-3.20939564855e-12
0.02,-0.000811682794342,0.000811682794342,-3.67291400933e-05,1,3.41492211715e-07,-3.51208093029e-07,0.02,-9.23103787988e-11
0.03,-0.000974954561651,0.000974954561651,-6.01306812936e-05,1,8.02972208985e-07,-8.33714146522e-07,0.03,-3.51249034674e-10
0.04,-0.00116777979797,0.00116777979797,-8.77160562933e-05,1,1.49946408722e-06,-1.57083421078e-06,0.04,-9.42484893471e-10
0.05,-0.00139481332274,0.00139481332274,-0.000120226612091,1,2.46795096804e-06,-2.60805655592e-06,0.05,-2.10839763021e-09
0.06,-0.00166130649418,0.00166130649418,-0.000158514771679,1,3.75202546217e-06,-3.99882979123e-06,0.0600000000001,-4.18384425393e-09
0.07,-0.00197315855755,0.00197315855755,-0.000203557197848,1,5.40282838665e-06,-5.80573843552e-06,0.0700000000002,-7.61094562941e-09
0.08,-0.00233696794111,0.00233696794111,-0.000256468878884,1,7.48009059867e-06,-8.10181466433e-06,0.0800000000005,-1.29564168037e-08
0.09,-0.00276008254667,0.00276008254667,-0.000318518085562,1,1.00532833939e-05,-1.09719952038e-05,0.0900000000009,-2.09317898143e-08
0.1,-0.00325064792333,0.00325064792333,-0.000391142122461,1,1.32028821155e-05,-1.45147317053e-05,0.100000000002,-3.24169136151e-08
0.11,-0.0038176520517,0.0038176520517,-0.000475963766823,1,1.70217465684e-05,-1.88437620182e-05,0.110000000003,-4.84871531978e-08
0.12,-0.00447096530626,0.00447096530626,-0.000574808255286,1,2.1616620508e-05,-2.40900485485e-05,0.120000000005,-7.0444748548e-08
0.13,-0.00522137400964,0.00522137400964,-0.000689720642943,1,2.71097508545e-05,-3.04038883182e-05,0.130000000008,-9.98548333211e-08
0.14,-0.00608060585061,0.00608060585061,-0.00082298332073,1,3.3640625351e-05,-3.79571973944e-05,0.140000000013,-1.38586652494e-07
0.15,-0.00706134531225,0.00706134531225,-0.000977133436635,1,4.13678251283e-05,-4.69459700192e-05,0.15000000002,-1.8886055711e-07
0.16,-0.00817723715537,0.00817723715537,-0.00115497992428,1,5.0470986052e-05,-5.7592910018e-05,0.160000000031,-2.53301391832e-07
0.17,-0.00944287593126,0.00944287593126,-0.00135961979983,1,6.11528598081e-05,-7.0150228892e-05,0.170000000047,-3.34998926481e-07
0.18,-0.0108737794642,0.0108737794642,-0.00159445334607,1,7.36414624442e-05,-8.49026014007e-05,0.18000000007,-4.37576015099e-07
0.19,-0.0124863442545,0.0124863442545,-0.00186319776144,1,8.81922945414e-05,-0.000102170265427,0.190000000104,-5.65265194285e-07
0.2,-0.0142977808155,0.0142977808155,-0.00216989881399,1,0.000105090613376,-0.000122312248511,0.200000000151,-7.22994455389e-07
0.21,-0.0163260270761,0.0163260270761,-0.00251894000587,1,0.000124653733383,-0.000145729698666,0.210000000218,-9.16482941406e-07
0.22,-0.0185896381633,0.0185896381633,-0.00291504872553,1,0.000147233327018,-0.00017286929201,0.220000000311,-1.15234732772e-06
0.23,-0.0211076511288,0.0211076511288,-0.00336329884311,1,0.000173217693771,-0.000204226684405,0.23000000044,-1.43821964484e-06
0.24,-0.0238994235045,0.0238994235045,-0.0038691091918,1,0.000203033960731,-0.0002403499688,0.240000000617,-1.78287728953e-06
0.25,-0.0269844449627,0.0269844449627,-0.00443823599832,1,0.000237151104037,-0.000281843587337,0.250000000858,-2.1963405765e-06
0.26,-0.0303821218232,0.0303821218232,-0.00507675618229,1,0.000276085428115,-0.000329373554557,0.260000001185,-2.68984698607e-06
0.27,-0.0341115346797,0.0341115346797,-0.00579106352376,1,0.000320393194692,-0.000383665868748,0.270000001624,-3.27643480112e-06
0.28,-0.0381911700166,0.0381911700166,-0.00658783847456,1,0.000370676770896,-0.000445511922333,0.28000000221,-3.97093442165e-06
0.29,-0.0426386273398,0.0426386273398,-0.00747401806094,1,0.000427585787054,-0.000515771217077,0.29000000299,-4.79016902361e-06
0.3,-0.0474703040431,0.0474703040431,-0.00845675871957,1,0.000491817929864,-0.000595373745233,0.30000000402,-5.7531707359e-06
0.31,-0.0527010609643,0.0527010609643,-0.00954339179339,1,0.00056411930155,-0.000685321958966,0.310000005373,-6.88141309233e-06
0.32,-0.0583438723326,0.0583438723326,-0.0107413714812,1,0.000645284297997,-0.000786692260032,0.320000007143,-8.19905931623e-06
0.33,-0.0644094645578,0.0644094645578,-0.012058215183,1,0.000736154937667,-0.000900635928891,0.330000009443,-9.7332268338e-06
0.34,-0.0709059490401,0.0709059490401,-0.0135014363023,1,0.000837619584611,-0.00102837941742,0.340000012419,-1.15142678284e-05
0.35,-0.0778384548616,0.0778384548616,-0.015078469694,1,0.000950611021427,-0.00117122393564,0.350000016248,-1.35760649616e-05
0.36,-0.0852087678429,0.0852087678429,-0.0167965901411,1,0.00107610381115,-0.00133054425456,0.360000021151,-1.59563422008e-05
0.37,-0.0930149829806,0.0930149829806,-0.0186628243624,1,0.00121511091911,-0.00150778666521,0.370000027397,-1.86969891945e-05
0.38,-0.101251177697,0.101251177697,-0.0206838572817,1,0.0013686795405,-0.00170446602301,0.380000035315,-2.18443990116e-05
0.39,-0.109907113627,0.109907113627,-0.0228659333959,1,0.00153788612936,-0.00192216183604,0.390000045303,-2.54498167491e-05
0.4,-0.118967974792,0.118967974792,-0.0252147543272,1,0.00172383058625,-0.00216251333948,0.400000057842,-2.95696987273e-05
0.41,-0.128414149977,0.128414149977,-0.0277353737203,1,0.001927629635,-0.00242721354283,0.410000073506,-3.42660785092e-05
0.42,-0.138221066901,0.138221066901,-0.0304320909117,1,0.00215040935719,-0.00271800220919,0.42000009298,-3.96069396238e-05
0.43,-0.148359085345,0.148359085345,-0.0333083448315,1,0.00239329694014,-0.0030366577796,0.430000117077,-4.56665907655e-05
0.44,-0.158793455778,0.158793455778,-0.0363666098,1,0.00265741165553,-0.00338498824287,0.440000146753,-5.25260417486e-05
0.45,-0.169484349207,0.169484349207,-0.0396082949463,1,0.00294385512335,-0.00376482097939,0.450000183126,-6.02733771621e-05
0.46,-0.180386962939,0.180386962939,-0.0430336490283,1,0.00325370094364,-0.00417799163239,0.4600002275,-6.90041236144e-05
0.47,-0.191451705745,0.191451705745,-0.0466416725255,1,0.00358798375673,-0.00462633205754,0.470000281382,-7.88216084624e-05
0.48,-0.202624464552,0.202624464552,-0.0504300388232,1,0.00394768784688,-0.00511165744133,0.480000346507,-8.98373055063e-05
0.49,-0.213846953263,0.213846953263,-0.0543950262896,1,0.00433373540499,-0.00563575268964,0.490000424858,-0.000102171163682
0.5,-0.225057142695,0.225057142695,-0.0585314630061,1,0.00474697455775,-0.0062003581931,0.500000518685,-0.000115951916141
0.51,-0.236189768919,0.236189768919,-0.0628326857136,1,0.00518816733684,-0.00680715512271,0.510000630535,-0.000131317363532
0.52,-0.247176915543,0.247176915543,-0.0672905145003,1,0.00565797769548,-0.00745775038172,0.52000076326,-0.00014841463031
0.53,-0.257948663772,0.257948663772,-0.0718952444285,1,0.00615695977247,-0.00815366140042,0.530000920043,-0.000167400387327
0.54,-0.268433802384,0.268433802384,-0.0766356551824,1,0.00668554653786,-0.00889630093171,0.540001104409,-0.000188441038836
0.55,-0.278560588173,0.278560588173,-0.081499039482,1,0.00724403900225,-0.0096869620392,0.550001320234,-0.000211712869237
0.56,-0.288257546007,0.288257546007,-0.0864712507385,1,0.00783259615757,-0.0105268034675,0.560001571756,-0.000237402145971
0.57,-0.297454296358,0.297454296358,-0.0915367701061,1,0.00845122581745,-0.0114168355893,0.57000186357,-0.000265705174994
0.58,-0.306082397168,0.306082397168,-0.096678792777,1,0.00909977650413,-0.0123579071139,0.580002200624,-0.000296828306917
0.59,-0.314076186139,0.314076186139,-0.10187933296,1,0.00977793055891,-0.0133506927627,0.590002588205,-0.000330987888938
0.6,-0.321373609063,0.321373609063,-0.107119346746,1,0.0104851985738,-0.0143956820677,0.600003031918,-0.000368410164073
0.61,-0.327917019647,0.327917019647,-0.11237887155,1,0.0112209153363,-0.0154931695066,0.610003537653,-0.00040933110962
0.62,-0.333653936475,0.333653936475,-0.117637180716,1,0.0119842373203,-0.0166432460873,0.620004111547,-0.000453996220333
0.63,-0.33853774321,0.33853774321,-0.122872951356,1,0.0127741418688,-0.0178457925594,0.630004759927,-0.000502660229973
0.64,-0.342528319,0.342528319,-0.128064443378,1,0.0135894280921,-0.0191004743496,0.640005489254,-0.000555586775034
0.65,-0.345592587155,0.345592587155,-0.133189687292,1,0.0144287195586,-0.0204067383408,0.650006306046,-0.000613047997099
0.66,-0.347704971618,0.347704971618,-0.138226678273,1,0.0152904687722,-0.0217638115604,0.660007216798,-0.000675324086675
0.67,-0.348847752405,0.348847752405,-0.143153573806,1,0.0161729634183,-0.0231707018184,0.67000822788,-0.000742702771278
0.68,-0.349011313121,0.349011313121,-0.147948892049,1,0.0170743343679,-0.0246262003355,0.680009345442,-0.000815478746356
0.69,-0.348194275695,0.348194275695,-0.152591708119,1,0.0179925653581,-0.0261288863429,0.690010575292,-0.000893953053538
0.7,-0.346403519721,0.346403519721,-0.157061845466,1,0.0189255042557,-0.0276771336155,0.700011922777,-0.00097843241047
0.71,-0.343654085998,0.343654085998,-0.161340059558,1,0.0198708758002,-0.0292691188826,0.710013392653,-0.00106922849445
0.72,-0.339968966177,0.339968966177,-0.165408211009,1,0.0208262957891,-0.0309028321048,0.720014988951,-0.00116665716098
0.73,-0.335378782632,0.335378782632,-0.169249426532,1,0.021789286164,-0.0325760882059,0.730016714836,-0.00127103768354
0.74,-0.329921364772,0.329921364772,-0.172848244385,1,0.022757291336,-0.0342865405002,0.740018572469,-0.00138269192129
0.75,-0.323641230014,0.323641230014,-0.176190742853,1,0.0237276953125,-0.0360316954817,0.750020562864,-0.00150194346203
0.76,-0.316588979361,0.316588979361,-0.179264650078,1,0.0246978394301,-0.0378089287949,0.760022685752,-0.00162911674788
0.77,-0.308820619062,0.308820619062,-0.182059433953,1,0.0256650404794,-0.0396155021809,0.770024939444,-0.0017645361982
0.78,-0.300396821065,0.300396821065,-0.184566370933,1,0.0266266090753,-0.0414485812501,0.780027320704,-0.00190852531853
0.79,-0.291382135902,0.291382135902,-0.186778593323,1,0.0275798680181,-0.0433052538059,0.790029824633,-0.00206140583134
0.8,-0.281844172239,0.281844172239,-0.18869111462,1,0.0285221705264,-0.0451825485712,0.80003244455,-0.00222349681724
0.81,-0.271852757634,0.271852757634,-0.190300813514,1,0.0294509172576,-0.0470774610889,0.810035172071,-0.0023951089964
0.82,-0.261479094954,0.261479094954,-0.191606440658,1,0.0303635654505,-0.0489869638013,0.820037997021,-0.002576547246
0.83,-0.250794928558,0.250794928558,-0.192608602801,1,0.031257650854,-0.0509080166544,0.830040907071,-0.00276811670448
0.84,-0.239871733685,0.239871733685,-0.193309678963,1,0.0321308050328,-0.0528375946712,0.840043887856,-0.00297011629605
0.85,-0.228779941523,0.228779941523,-0.193713745471,1,0.0329807693007,-0.0547727053075,0.850046922952,-0.00318283792462
0.86,-0.217588211298,0.217588211298,-0.193826484837,1,0.0338054073759,-0.0567104049761,0.860049993865,-0.00340656570435
0.87,-0.206362759283,0.206362759283,-0.193655080358,1,0.0346027166493,-0.0586478145847,0.870053080046,-0.00364157523147
0.88,-0.19516675315,0.19516675315,-0.193208098459,1,0.0353708379828,-0.0605821339572,0.880056158924,-0.00388813290115
0.89,-0.184059778407,0.184059778407,-0.192495360928,1,0.0361080639751,-0.0625106550257,0.890059205958,-0.0041464952732
0.9,-0.173097381937,0.173097381937,-0.191527809239,1,0.0368128456562,-0.0644307737031,0.900062194706,-0.00441690848943
0.91,-0.162330695938,0.162330695938,-0.190317363214,1,0.0374837975986,-0.0663400003696,0.910065096913,-0.00469960774515
0.92,-0.151806143855,0.151806143855,-0.188876775966,1,0.0381197017828,-0.0682359690112,0.920067882611,-0.00499481686089
0.93,-0.141565228193,0.141565228193,-0.1872194872,1,0.038719510215,-0.0701164450239,0.93007052022,-0.00530274792141
0.94,-0.131644398616,0.131644398616,-0.18535947848,1,0.0392823443409,-0.0719793311095,0.94007297671,-0.00562360075834
0.95,-0.122074997259,0.122074997259,-0.183311130621,1,0.0398074939823,-0.0738226719155,0.950075217738,-0.00595756265622
0.96,-0.112883276948,0.112883276948,-0.181089085391,1,0.0402944150179,-0.0756446572979,0.960077207809,-0.00630480812574
0.97,-0.104090486931,0.104090486931,-0.178708113136,1,0.0407427258211,-0.0774436242402,0.970078910434,-0.00666549873237
0.98,-0.0957130198214,0.0957130198214,-0.176182987714,1,0.0411522025592,-0.0792180574916,0.980080288293,-0.00703978297914
0.99,-0.0877626127882,0.0877626127882,-0.173528369897,1,0.041522773466,-0.0809665890024,0.990081303409,-0.00742779624237
1.0,-0.0802465955049,0.0802465955049,-0.170758700175,1,0.0418545122067,-0.0826879962449,1.00008191732,-0.00782966075841
1.01,-0.0731681771092,0.0731681771092,-0.167888101689,1,0.0421476304614,-0.0843811995167,1.01008209124,-0.00824548565921
1.02,-0.0665267643084,0.0665267643084,-0.164930293792,1,0.0424024698512,-0.0860452583287,1.02008178625,-0.00867536705436
1.03,-0.060318302848,0.060318302848,-0.161898516538,1,0.0426194933351,-0.0876793669856,1.03008096343,-0.00911938815679
1.04,-0.0545356347973,0.0545356347973,-0.158805466184,1,0.0427992762021,-0.0892828494673,1.04007958404,-0.00957761944922
1.05,-0.0491688644846,0.0491688644846,-0.155663241633,1,0.0429424967785,-0.0908551537219,1.0500776097,-0.0100501188884
1.06,-0.0442057264107,0.0442057264107,-0.152483301558,1,0.0430499269661,-0.0923958454763,1.06007500246,-0.0105369321438
1.07,-0.0396319490629,0.0396319490629,-0.149276431813,1,0.04312242272,-0.0939046016715,1.07007172501,-0.0110380928677
1.08,-0.0354316092182,0.0354316092182,-0.146052722608,1,0.0431609145653,-0.0953812036193,1.0800677408,-0.011553622993
1.09,-0.0315874720382,0.0315874720382,-0.142821554834,1,0.0431663982459,-0.0968255299782,1.09006301409,-0.0120835330565
1.1,-0.0280813130048,0.0280813130048,-0.139591594817,1,0.0431399255858,-0.0982375496343,1.10005751017,-0.0126278225427
1.11,-0.0248942184935,0.0248942184935,-0.136370796741,1,0.0430825956366,-0.0996173145679,1.11005119534,-0.0131864802469
1.12,-0.0220068625211,0.0220068625211,-0.133166411938,1,0.0429955461721,-0.100964952779,1.12004403708,-0.0137594846533
1.13,-0.0193997579172,0.0193997579172,-0.129985004205,1,0.0428799455823,-0.102280661337,1.13003600411,-0.0143468043256
1.14,-0.017053480836,0.017053480836,-0.126832470323,1,0.0427369852098,-0.103564699605,1.14002706641,-0.0149483983073
1.15,-0.0149488681433,0.0149488681433,-0.123714064953,1,0.0425678721602,-0.104817382699,1.15001719535,-0.0155642165292
1.16,-0.0130671877675,0.0130671877675,-0.120634429106,1,0.0423738226104,-0.106039075205,1.16000636366,-0.0161942002215
1.17,-0.0113902825898,0.0113902825898,-0.117597621439,1,0.0421560556304,-0.107230185203,1.16999454551,-0.0168382823278
1.18,-0.00990068886948,0.00990068886948,-0.11460715165,1,0.0419157875253,-0.108391158608,1.17998171655,-0.0174963879205
1.19,-0.00858173053738,0.00858173053738,-0.111666015311,1,0.0416542266989,-0.109522473855,1.18996785389,-0.0181684346136
1.2,-0.0074175909711,0.0074175909711,-0.108776774134,1,0.0413725404924,-0.110624620971,1.19995293649,-0.0188543349645
1.21,-0.00639336406429,0.00639336406429,-0.105941448984,1,0.0410719435849,-0.111698148164,1.20993694396,-0.0195539907968
1.22,-0.00549508654495,0.00549508654495,-0.10316170895,1,0.0407535938941,-0.112743602682,1.2199198579,-0.0202672997419
1.23,-0.00470975357674,0.00470975357674,-0.100438851504,1,0.0404186260386,-0.113761546634,1.22990166136,-0.0209941535885
1.24,-0.00402531970486,0.00402531970486,-0.0977738367552,1,0.0400681486052,-0.114752553445,1.23988233888,-0.0217344386635
1.25,-0.0034306871881,0.0034306871881,-0.0951673204745,1,0.039703241839,-0.115717204642,1.24986187642,-0.0224880362038
1.26,-0.00291568369924,0.00291568369924,-0.0926196856529,1,0.0393249557264,-0.116656086964,1.25984026136,-0.0232548227191
1.27,-0.00247103128427,0.00247103128427,-0.0901310724092,1,0.0389343084449,-0.117569789787,1.26981748248,-0.024034670343
1.28,-0.00208830835245,0.00208830835245,-0.0877014061232,1,0.0385322851498,-0.118458902831,1.2797935299,-0.0248274471741
1.29,-0.00175990633256,0.00175990633256,-0.085330423709,1,0.0381198370685,-0.119324014139,1.28976839507,-0.0256330176051
1.3,-0.00147898247952,0.00147898247952,-0.0830176979821,1,0.0376978808748,-0.120165708317,1.29974207071,-0.0264512426404
1.31,-0.0012394101581,0.0012394101581,-0.0807626601109,1,0.0372672983142,-0.120984565002,1.3097145508,-0.0272819802023
1.32,-0.0010357277684,0.0010357277684,-0.0785646201699,1,0.0368289360535,-0.121781157547,1.31968583053,-0.0281250854244
1.33,-0.000863087318782,0.000863087318782,-0.07642278584,1,0.0363836057287,-0.122556051903,1.32965590625,-0.0289804109336
1.34,-0.000717203496177,0.000717203496177,-0.0743362793179,1,0.0359320841676,-0.123309805675,1.33962477541,-0.0298478071201
1.35,-0.000594303936719,0.000594303936719,-0.0723041525144,1,0.0354751137622,-0.124042967349,1.34959243657,-0.0307271223955
1.36,-0.000491081261667,0.000491081261667,-0.0703254006331,1,0.0350134029713,-0.124756075648,1.3595588893,-0.0316182034388
1.37,-0.000404647317396,0.000404647317396,-0.0683989742297,1,0.0345476269337,-0.125449659033,1.36952413418,-0.0325208954316
1.38,-0.000332489944149,0.000332489944149,-0.0665237898561,1,0.0340784281716,-0.126124235301,1.37948817271,-0.0334350422815
1.39,-0.000272432497134,0.000272432497134,-0.0646987393981,1,0.0336064173709,-0.126780311298,1.38945100732,-0.0343604868346
1.4,-0.000222596255373,0.000222596255373,-0.0629226979572,1,0.0331321743232,-0.127418382799,1.39941264128,-0.0352970710473
1.41,-0.000181365778272,0.000181365778272,-0.0611945312003,1,0.0326562486819,-0.128038934274,1.40937307869,-0.036244636209
1.42,-0.000147357206666,0.000147357206666,-0.0595131016071,1,0.0321791608179,-0.128642438753,1.41933232443,-0.0372030231481
1.43,-0.000119389453329,0.000119389453329,-0.0578772734147,1,0.0317014028635,-0.1292293579,1.42929038409,-0.0381720723781
1.44,-9.64581867462e-05,9.64581867462e-05,-0.0562859169936,1,0.0312234396772,-0.129800142051,1.43924726399,-0.0391516242591
1.45,-7.77124803296e-05,7.77124803296e-05,-0.0547379125194,1,0.0307457098164,-0.130355230295,1.44920297106,-0.0401415191512
1.46,-6.24339761312e-05,6.24339761312e-05,-0.0532321530213,1,0.0302686265115,-0.13089505059,1.45915751288,-0.0411415975577
1.47,-5.00183964359e-05,5.00183964359e-05,-0.051767546884,1,0.0297925786345,-0.131420019897,1.4691108976,-0.0421517002607
1.48,-3.99592272888e-05,3.99592272888e-05,-0.0503430198722,1,0.0293179316593,-0.131930544352,1.47906313391,-0.0431716684482
1.49,-3.18333940605e-05,3.18333940605e-05,-0.0489575167409,1,0.0288450286071,-0.132427019441,1.489014231,-0.044201343834
1.5,-2.5288749587e-05,2.5288749587e-05,-0.0476100024879,1,0.0283741909762,-0.1329098302,1.49896419855,-0.0452405687687
1.51,-2.0033199383e-05,2.0033199383e-05,-0.0462994632996,1,0.0279057196507,-0.133379351423,1.50891304667,-0.0462891863457
1.52,-1.58252951144e-05,1.58252951144e-05,-0.0450249072356,1,0.0274398957884,-0.133835947875,1.51886078586,-0.0473470404978
1.53,-1.24661362303e-05,1.24661362303e-05,-0.0437853646914,1,0.0269769816851,-0.134279974511,1.52880742704,-0.0484139760897
1.54,-9.79242978724e-06,9.79242978724e-06,-0.0425798886747,1,0.0265172216138,-0.134711776707,1.53875298143,-0.0494898390025
1.55,-7.67056952707e-06,7.67056952707e-06,-0.0414075549259,1,0.0260608426386,-0.135131690482,1.54869746061,-0.0505744762127
1.56,-5.99160675952e-06,5.99160675952e-06,-0.0402674619094,1,0.0256080554023,-0.135540042726,1.55864087643,-0.0516677358661
1.57,-4.66699719751e-06,4.66699719751e-06,-0.0391587306984,1,0.0251590548882,-0.135937151427,1.568583241,-0.0527694673457
1.58,-3.62501931467e-06,3.62501931467e-06,-0.0380805047739,1,0.024714021154,-0.136323325897,1.5785245667,-0.0538795213341
1.59,-2.80777082127e-06,2.80777082127e-06,-0.0370319497534,1,0.024273120041,-0.136698866994,1.58846486609,-0.0549977498721
1.6,-2.16866032787e-06,2.16866032787e-06,-0.0360122530641,1,0.0238365038557,-0.137064067342,1.59840415195,-0.0561240064111
1.61,-1.67032107174e-06,1.67032107174e-06,-0.0350206235738,1,0.0234043120263,-0.137419211545,1.60834243721,-0.0572581458627
1.62,-1.28288265044e-06,1.28288265044e-06,-0.0340562911881,1,0.022976671734,-0.137764576404,1.61827973497,-0.0584000246425
1.63,-9.82545001217e-07,9.82545001217e-07,-0.0331185064225,1,0.0225536985191,-0.13810043112,1.62821605846,-0.0595495007111
1.64,-7.50406376752e-07,7.50406376752e-07,-0.032206539958,1,0.0221354968631,-0.138427037502,1.63815142101,-0.0607064336107
1.65,-5.71503807474e-07,5.71503807474e-07,-0.0313196821844,1,0.0217221607475,-0.138744650165,1.64808583603,-0.0618706844976
1.66,-4.34030537904e-07,4.34030537904e-07,-0.0304572427363,1,0.0213137741895,-0.139053516723,1.65801931705,-0.0630421161727
1.67,-3.28700218516e-07,3.28700218516e-07,-0.0296185500263,1,0.0209104117553,-0.139353877982,1.6679518776,-0.0642205931071
1.68,-2.4823227373e-07,2.4823227373e-07,-0.0288029507785,1,0.0205121390529,-0.139645968123,1.67788353131,-0.0654059814657
1.69,-1.86936903496e-07,1.86936903496e-07,-0.0280098095636,1,0.020119013203,-0.139930014886,1.68781429181,-0.0665981491274
1.7,-1.403816655e-07,1.403816655e-07,-0.027238508339,1,0.019731083291,-0.140206239741,1.69774417273,-0.0677969657028
1.71,-1.05124582357e-07,1.05124582357e-07,-0.0264884459953,1,0.0193483907986,-0.140474858065,1.70767318774,-0.0690023025488
1.72,-7.85012772581e-08,7.85012772581e-08,-0.0257590379088,1,0.0189709700182,-0.140736079305,1.71760135046,-0.0702140327816
1.73,-5.84558135824e-08,5.84558135824e-08,-0.0250497155033,1,0.0185988484475,-0.140990107145,1.72752867453,-0.0714320312862
1.74,-4.34067472434e-08,4.34067472434e-08,-0.0243599258197,1,0.018232047169,-0.141237139657,1.73745517351,-0.0726561747247
1.75,-3.2141439427e-08,3.2141439427e-08,-0.0236891310955,1,0.017870581211,-0.141477369465,1.74738086094,-0.073886341542
1.76,-2.37329622824e-08,2.37329622824e-08,-0.0230367975114,1,0.0175144599228,-0.141710987769,1.7573057506,-0.0751224094385
1.77,-1.7474997507e-08,1.7474997507e-08,-0.0224024269579,1,0.0171636869984,-0.141938172974,1.76722985563,-0.0763642628163
1.78,-1.28310099767e-08,1.28310099767e-08,-0.0217855248407,1,0.0168182613105,-0.142159102224,1.77715318939,-0.0776117854838
1.79,-9.39470418048e-09,9.39470418048e-09,-0.0211856101743,1,0.016478176972,-0.142373947782,1.78707576513,-0.0788648630368
1.8,-6.85936516191e-09,6.85936516191e-09,-0.02060221521,1,0.0161434236246,-0.142582877171,1.79699759604,-0.0801233828554
1.81,-4.99416956717e-09,4.99416956717e-09,-0.0200348850728,1,0.015813986713,-0.142786053298,1.80691869521,-0.0813872341002
1.82,-3.62594482404e-09,3.62594482404e-09,-0.0194831774088,1,0.0154898477481,-0.142983634588,1.81683907561,-0.0826563077059
1.83,-2.62517128531e-09,2.62517128531e-09,-0.0189466620413,1,0.0151709845567,-0.143175775102,1.82675875011,-0.083930496375
1.84,-1.89527679809e-09,1.89527679809e-09,-0.0184249206364,1,0.0148573715209,-0.143362624658,1.83667773149,-0.085209694569
1.85,-1.36447691871e-09,1.36447691871e-09,-0.0179175463775,1,0.0145489798056,-0.14354432895,1.84659603238,-0.0864937984994
1.86,-9.79576342322e-10,9.79576342322e-10,-0.0174241436487,1,0.0142457775755,-0.143721029661,1.85651366531,-0.0877827061175
1.87,-7.01275924012e-10,7.01275924012e-10,-0.0169443277265,1,0.0139477302025,-0.143892864571,1.86643064266,-0.0890763171031
1.88,-5.00631436386e-10,5.00631436386e-10,-0.0164777244803,1,0.0136548004626,-0.144059967666,1.8763469767,-0.090374532852
1.89,-3.56390280693e-10,3.56390280693e-10,-0.016023970081,1,0.0133669487236,-0.144222469245,1.88626267956,-0.0916772564635
1.9,-2.52995113533e-10,2.52995113533e-10,-0.0155827107173,1,0.0130841331243,-0.144380496017,1.89617776322,-0.0929843927263
1.91,-1.79092319528e-10,1.79092319528e-10,-0.01515360232,1,0.0128063097444,-0.144534171202,1.90609223952,-0.0942958481042
1.92,-1.2642132456e-10,1.2642132456e-10,-0.014736310294,1,0.0125334327667,-0.144683614628,1.91600612018,-0.0956115307208
1.93,-8.8990215407e-11,8.8990215407e-11,-0.014330509257,1,0.0122654546309,-0.144828942824,1.92591941674,-0.0969313503441
1.94,-6.24658604337e-11,6.24658604337e-11,-0.0139358827866,1,0.0120023261804,-0.144970269109,1.93583214061,-0.0982552183697
1.95,-4.37241868772e-11,4.37241868772e-11,-0.0135521231729,1,0.0117439968012,-0.145107703682,1.94574430306,-0.0995830478047
1.96,-3.05196327863e-11,3.05196327863e-11,-0.0131789311791,1,0.0114904145544,-0.145241353707,1.95565591517,-0.10091475325
1.97,-2.1242978653e-11,2.1242978653e-11,-0.0128160158079,1,0.0112415263018,-0.1453713234,1.96556698791,-0.102250250882
1.98,-1.47445006274e-11,1.47445006274e-11,-0.0124630940749,1,0.0109972778248,-0.145497714103,1.97547753207,-0.103589458437
1.99,-1.02052411284e-11,1.02052411284e-11,-0.0121198907878,1,0.0107576139379,-0.145620624371,1.98538755829,-0.10493229519
2.0,-7.04360543299e-12,7.04360543299e-12,-0.0117861383317,1,0.0105224785957,-0.145740150044,1.99529707706,-0.106278681937
