0.004,0.00997124082343,-0.00997124082343,0.00777607130098,3.69837747623,-1.51960493263,0.0,0.0,0.0
0.038,0.0183734195762,-0.0183734195762,0.0480389936363,3.69496205252,-1.51887417616,0.00159484012089,0.13593331456,9.05837214206e-06
0.072,0.0379488183097,-0.0379488183097,0.0974182280113,3.68884897233,-1.51603101618,0.00456368236256,0.271705211838,0.000266745213881
0.106,0.0611321775647,-0.0611321775647,0.166022044884,3.68670925036,-1.51261725969,0.00938462102001,0.407251674366,0.001280057202
0.14,0.0929664211706,-0.0929664211706,0.271428307979,3.6544577761,-1.50126962347,0.0169929174307,0.542042696581,0.00321620494189
0.174,0.148646603262,-0.148646603262,0.329951441662,3.60693869148,-1.50368755613,0.0280884323391,0.675493519754,0.00610339880446
0.208,0.197625079658,-0.197625079658,0.576089946801,3.55718388777,-1.45646700336,0.0452018667582,0.807228508176,0.0107979156955
0.242,0.264146806005,-0.264146806005,0.892676645825,3.51840921777,-1.48071536304,0.0709214975431,0.937082629031,0.0181188040233
0.276,0.3070175868,-0.3070175868,1.22932038214,3.47880559539,-1.58280633193,0.10609794375,1.06665112622,0.026487415808
0.31,0.336872672295,-0.336872672295,1.14062536985,3.39829717928,-1.63906430636,0.145502149889,1.19534811126,0.036448490123
0.343,0.348569754053,-0.348569754053,1.09060523504,3.3248677104,-1.65551135932,0.183080548989,1.32199335834,0.0489639752752
0.378,0.334366723526,-0.334366723526,1.09277345591,3.26355912882,-1.67511262566,0.21934358253,1.44646520677,0.0643198983085
0.412,0.289215388256,-0.289215388256,1.03160506233,3.20510921807,-1.6805523312,0.255436373977,1.56896613117,0.0825762758476
0.446,0.242541225649,-0.242541225649,0.953484793984,3.19710288674,-1.66636814012,0.289130267428,1.68979201948,0.104506731176
0.48,0.192014655262,-0.192014655262,0.773780687884,3.20045452806,-1.5912830261,0.317599632946,1.80837882766,0.131637879496
0.514,0.128574053727,-0.128574053727,0.590414230174,3.22777439442,-1.48279252862,0.340182297199,1.92494338959,0.164188510108
0.548,0.0889883117041,-0.0889883117041,0.48743069262,3.3021933068,-1.43109661319,0.359560301124,2.04024538089,0.202705184424
0.581,0.0498111256285,-0.0498111256285,0.400217086674,3.41762189916,-1.43306483386,0.375216321134,2.15685404675,0.245089733218
0.616,0.0301395530896,-0.0301395530896,0.163391841123,3.46812089904,-1.43613075778,0.381232055477,2.274463771,0.290845465236
0.65,0.0172159859052,-0.0172159859052,0.079839080948,3.54673459279,-1.46761401735,0.385677886634,2.39434023888,0.338978153507
0.684,0.00746012148254,-0.00746012148254,0.0500758164263,3.60797024191,-1.49485564967,0.388168505598,2.51652110041,0.388512046777
0.718,0.00372539057471,-0.00372539057471,0.0223875091916,3.65950251769,-1.50261197999,0.389344939827,2.64040287272,0.439052425281
0.751,0.00134946070106,-0.00134946070106,-0.00129811086785,3.68734666853,-1.51758488454,0.389801423077,2.76546028311,0.490375938473
0.786,0.000589137917107,-0.000589137917107,0.00211732653714,3.69723573937,-1.51783668589,0.38998035833,2.89105281079,0.541928443831
0.82,0.000242805402782,-0.000242805402782,-0.000113617166183,3.69915595819,-1.51697715554,0.390106421213,3.01667095735,0.593606898575
0.854,6.80875001052e-05,-6.80875001052e-05,-5.20862019347e-05,3.69680556987,-1.51587748811,0.390141083911,3.14230087698,0.64531438678
0.888,2.45323742751e-05,-2.45323742751e-05,0.000454627013351,3.70275151884,-1.51868987407,0.390193889788,3.26802713979,0.69703137158
0.921,5.75073100244e-06,-5.75073100244e-06,0.00334710201358,3.69566751053,-1.51597738326,0.390206562062,3.39375757297,0.748720859844
0.955,1.81144881903e-06,-1.81144881903e-06,0.0043829112931,3.70232345014,-1.52087284489,0.390243392161,3.51951282104,0.800434963854
0.99,5.38658751642e-07,-5.38658751642e-07,-0.000518095277098,3.69856971651,-1.51605754023,0.39024932596,3.64514143409,0.852136034368
1.024,2.32420660874e-07,-2.32420660874e-07,-0.00388319417226,3.69952778726,-1.51956462684,0.390231281783,3.77081635375,0.903823541823
1.058,2.32420660874e-07,-2.32420660874e-07,0.0029590622973,3.70236372762,-1.51947483068,0.390263132901,3.89651910571,0.955516539473
1.092,2.32420660874e-07,-2.32420660874e-07,-0.00168246104722,3.70147013556,-1.52078807825,0.390232867743,4.02221621644,1.00721474259
1.126,2.32420660874e-07,-2.32420660874e-07,-0.0030038689622,3.70144951195,-1.5198795335,0.390238947292,4.14796941159,1.05890782164
1.16,2.32420660874e-07,-2.32420660874e-07,0.000387111268697,3.70216269135,-1.51842707907,0.390273536771,4.2736825184,1.11061220888
1.194,2.32420660874e-07,-2.32420660874e-07,-0.00152220767582,3.70018353394,-1.52027527292,0.390246454414,4.39934562998,1.16230134688
1.228,2.32420660874e-07,-2.32420660874e-07,0.000395636039405,3.69831997808,-1.51872609709,0.390277936267,4.52510000918,1.21401751887
1.262,2.32420660874e-07,-2.32420660874e-07,-0.000581722715016,3.70421890415,-1.52135859289,0.390283281255,4.6508899086,1.26575512522
