0,0,0,0,0,0,0,0,0
0.1,0.523598775598,0.523598775598,0,4.0,0,0,0,0
0.2,0.523598775598,0.523598775598,-0.0153461621154,4.0,-0.021744691399,-0.000759579317911,0.399999556601,-0.00122846421166
0.3,0.523598775598,0.523598775598,-0.0316476712168,4.0,-0.0382945929231,-0.00310107374523,0.799993029032,-0.00499440193712
0.4,0.523598775598,0.523598775598,-0.0489623844401,4.0,-0.0489310022735,-0.00712288325035,1.19996554205,-0.0113951408669
0.5,0.523598775598,0.523598775598,-0.0673515630942,4.0,-0.0528672973828,-0.0129293621505,1.59989445893,-0.0204931828089
0.6,0.523598775598,0.523598775598,-0.0868800666273,4.0,-0.0492433927933,-0.0206311691407,1.99975252918,-0.0323114772024
0.7,0.523598775598,0.523598775598,-0.107616557233,4.0,-0.0371197791337,-0.0303456372475,2.39951256695,-0.0468283250122
0.8,0.523598775598,0.523598775598,-0.129633715649,4.0,-0.0154711160164,-0.0421971647973,2.79915402467,-0.0639720080208
0.9,0.523598775598,0.523598775598,-0.153008468739,4.0,0.0168206533513,-0.0563176285496,3.1986718878,-0.0836153075732
