0,0,0,0,0,0,0,0,0
0.1,0.174532925199,0.174532925199,0,4.0,0,0,0,0
0.2,0.174532925199,0.174532925199,-0.00511538737181,4.0,-0.00724823046632,-0.00025319310597,0.399999950733,-0.000409488103075
0.3,0.174532925199,0.174532925199,-0.0105492237389,4.0,-0.0127648643077,-0.00103369124841,0.799999225447,-0.0016648026796
0.4,0.174532925199,0.174532925199,-0.0163207948134,4.0,-0.0163103340912,-0.00237429441678,1.19999617133,-0.00379840269145
0.5,0.174532925199,0.174532925199,-0.0224505210314,4.0,-0.0176224324609,-0.00430978738349,1.59998827309,-0.00683118105339
0.6,0.174532925199,0.174532925199,-0.0289600222091,4.0,-0.0164144642644,-0.00687705638024,1.99997250257,-0.0107709222581
0.7,0.174532925199,0.174532925199,-0.0358721857443,4.0,-0.0123732597112,-0.0101152124158,2.39994583819,-0.0156106186046
0.8,0.174532925199,0.174532925199,-0.0432112385498,4.0,-0.00515703867214,-0.0140657215991,2.7999059952,-0.0213266381884
0.9,0.174532925199,0.174532925199,-0.0510028229132,4.0,0.00560688445042,-0.0187725428499,3.19985241491,-0.0278767395948
