0,0,0,0,0,0,0,0,0
0.1,0.349065850399,0.349065850399,0,4.0,0,0,0,0
0.2,0.349065850399,0.349065850399,-0.0102307747436,4.0,-0.0144964609326,-0.000506386211941,0.399999802934,-0.00081897618176
0.3,0.349065850399,0.349065850399,-0.0210984474778,4.0,-0.0255297286154,-0.00206738249682,0.799996901791,-0.00332960383378
0.4,0.349065850399,0.349065850399,-0.0326415896267,4.0,-0.0326206681823,-0.00474858883357,1.19998468532,-0.00759678858102
0.5,0.349065850399,0.349065850399,-0.0449010420628,4.0,-0.0352448649219,-0.00861957476698,1.59995309256,-0.0136622720186
0.6,0.349065850399,0.349065850399,-0.0579200444182,4.0,-0.0328289285289,-0.0137541127605,1.9998900113,-0.02154152212
0.7,0.349065850399,0.349065850399,-0.0717443714885,4.0,-0.0247465194225,-0.0202304248317,2.39978335664,-0.0312203544912
0.8,0.349065850399,0.349065850399,-0.0864224770996,4.0,-0.0103140773443,-0.0281314431982,2.79962399212,-0.0426512996728
0.9,0.349065850399,0.349065850399,-0.102005645826,4.0,0.0112137689008,-0.0375450856998,3.19940968524,-0.0557497512023
