0,0,0,0,0,0,0,0,0
0.2,-0.523598775598,-0.523598775598,0,4.0,0,0,0,0
0.4,-0.523598775598,-0.523598775598,0.0316476710248,4.0,0.0382945983106,0.00310107339946,0.799993029387,0.00499440634208
0.6,-0.523598775598,-0.523598775598,0.067351562667,4.0,0.0528673098424,0.0129293613779,1.59989446024,0.0204931933501
0.8,-0.523598775598,-0.523598775598,0.10761655652,4.0,0.0371198007225,0.0303456359534,2.39951257002,0.0468283439031
1.0,-0.523598775598,-0.523598775598,0.153008467683,4.0,-0.0168206201338,0.0563176266237,3.1986718937,0.0836153376659
1.2,-0.523598775598,-0.523598775598,0.204161148364,4.0,-0.11831420573,0.0919329048491,3.99746806596,0.129582962204
1.4,-0.523598775598,-0.523598775598,0.261784385762,4.0,-0.278454864118,0.138413267348,4.79670585424,0.182418864828
1.6,-0.523598775598,-0.523598775598,0.326672678294,4.0,-0.510353941893,0.197130785337,5.59859514688,0.238695788057
1.8,-0.523598775598,-0.523598775598,0.399714982446,4.0,-0.829467172423,0.269625704464,6.40778969498,0.294003319738
