0,0,0,0,0,0,0,0,0
0.1,-0.174532925199,-0.174532925199,0,4.0,0,0,0,0
0.2,-0.174532925199,-0.174532925199,0.00511538737181,4.0,0.00724823046632,0.00025319310597,0.399999950733,0.000409488103075
0.3,-0.174532925199,-0.174532925199,0.0105492237389,4.0,0.0127648643077,0.00103369124841,0.799999225447,0.0016648026796
0.4,-0.174532925199,-0.174532925199,0.0163207948134,4.0,0.0163103340912,0.00237429441678,1.19999617133,0.00379840269145
0.5,-0.174532925199,-0.174532925199,0.0224505210314,4.0,0.0176224324609,0.00430978738349,1.59998827309,0.00683118105339
0.6,-0.174532925199,-0.174532925199,0.0289600222091,4.0,0.0164144642644,0.00687705638024,1.99997250257,0.0107709222581
0.7,-0.174532925199,-0.174532925199,0.0358721857443,4.0,0.0123732597112,0.0101152124158,2.39994583819,0.0156106186046
0.8,-0.174532925199,-0.174532925199,0.0432112385498,4.0,0.00515703867214,0.0140657215991,2.7999059952,0.0213266381884
0.9,-0.174532925199,-0.174532925199,0.0510028229132,4.0,-0.00560688445042,0.0187725428499,3.19985241491,0.0278767395948
1.0,-0.174532925199,-0.174532925199,0.0592740764849,4.0,-0.0203245665692,0.0242822734005,3.59978756995,0.0351979309403
1.1,-0.174532925199,-0.174532925199,0.0680537166105,4.0,-0.0394380845335,0.0306443025117,3.99971865264,0.0432041748049
1.2,-0.174532925199,-0.174532925199,0.0773721292291,4.0,-0.063428379399,0.037910973848,4.39965972495,0.0517839460606
1.3,-0.174532925199,-0.174532925199,0.0872614625726,4.0,-0.0928183100952,0.0461377569809,4.7996344216,0.0607976570739
1.4,-0.174532925199,-0.174532925199,0.0977557259122,4.0,-0.128175931165,0.0553834285127,5.19967931249,0.0700749748143
1.5,-0.174532925199,-0.174532925199,0.108890893609,4.0,-0.170118010245,0.0657102633371,5.59984804715,0.0794120677245
1.6,-0.174532925199,-0.174532925199,0.120705014734,4.0,-0.219313802004,0.0771842365823,6.00021642189,0.0885688376815
1.7,-0.174532925199,-0.174532925199,0.133238328552,4.0,-0.276489096393,0.0898752368055,6.40088853036,0.0972662150369
1.8,-0.174532925199,-0.174532925199,0.14653338614,4.0,-0.342430560232,0.103857291041,6.80200417915,0.105183623886
1.9,-0.174532925199,-0.174532925199,0.160635178478,4.0,-0.417990392478,0.119208802331,7.20374777242,0.111956761902
