0,0,0,0,0,0,0,0,0
0.1,-0.349065850399,-0.349065850399,0,4.0,0,0,0,0
0.2,-0.349065850399,-0.349065850399,0.0102307747436,4.0,0.0144964609326,0.000506386211941,0.399999802934,0.00081897618176
0.3,-0.349065850399,-0.349065850399,0.0210984474778,4.0,0.0255297286154,0.00206738249682,0.799996901791,0.00332960383378
0.4,-0.349065850399,-0.349065850399,0.0326415896267,4.0,0.0326206681823,0.00474858883357,1.19998468532,0.00759678858102
0.5,-0.349065850399,-0.349065850399,0.0449010420628,4.0,0.0352448649219,0.00861957476698,1.59995309256,0.0136622720186
0.6,-0.349065850399,-0.349065850399,0.0579200444182,4.0,0.0328289285289,0.0137541127605,1.9998900113,0.02154152212
0.7,-0.349065850399,-0.349065850399,0.0717443714885,4.0,0.0247465194225,0.0202304248317,2.39978335664,0.0312203544912
0.8,-0.349065850399,-0.349065850399,0.0864224770996,4.0,0.0103140773443,0.0281314431982,2.79962399212,0.0426512996728
0.9,-0.349065850399,-0.349065850399,0.102005645826,4.0,-0.0112137689008,0.0375450856998,3.19940968524,0.0557497512023
1.0,-0.349065850399,-0.349065850399,0.11854815297,4.0,-0.0406491331385,0.048564546801,3.59915032197,0.070389956306
1.1,-0.349065850399,-0.349065850399,0.136107433221,4.0,-0.0788761690669,0.0612886050234,3.9988746409,0.0864009481446
1.2,-0.349065850399,-0.349065850399,0.154744258458,4.0,-0.126856758798,0.0758219476959,4.3986387871,0.10356256829
1.3,-0.349065850399,-0.349065850399,0.174522925145,4.0,-0.18563662019,0.0922755139618,4.79853702667,0.121601793988
1.4,-0.349065850399,-0.349065850399,0.195511451824,4.0,-0.25635186233,0.110766857025,5.19871500438,0.140189670927
1.5,-0.349065850399,-0.349065850399,0.217781787217,4.0,-0.34023602049,0.131420526674,5.59938596555,0.158939263665
1.6,-0.349065850399,-0.349065850399,0.241410029468,4.0,-0.438627604009,0.154368473165,6.00085039476,0.177405178387
1.7,-0.349065850399,-0.349065850399,0.266476657103,4.0,-0.552978192785,0.179750473611,6.40351954282,0.195085392997
1.8,-0.349065850399,-0.349065850399,0.293066772279,4.0,-0.684861120465,0.207714582082,6.80794330876,0.21142635512
1.9,-0.349065850399,-0.349065850399,0.321270356956,4.0,-0.835980784955,0.238417604663,7.21484290462,0.225832587341
