0.022,0.0123029413172,-0.0123029413172,0.059619341845,2.81326101123,-2.83687631121,0.0,0.0,0.0
0.057,0.0166604619638,-0.0166604619638,0.0640305845453,2.81202186941,-2.83142080024,0.00204891052284,0.135692292182,0.000118064944092
0.09,0.0244078556155,-0.0244078556155,0.0720584482308,2.81248600531,-2.83095019782,0.00436441178015,0.271367272586,0.000611304830568
0.125,0.0319606363632,-0.0319606363632,0.106567426999,2.82247388879,-2.83215039611,0.00712244698707,0.407160385733,0.00149158830431
0.159,0.0412522242253,-0.0412522242253,0.155234760231,2.80884820003,-2.84840570981,0.0115951428523,0.543125954,0.00286661217289
0.193,0.056688518725,-0.056688518725,0.228451274549,2.80368521273,-2.85494137005,0.017957023831,0.679076507556,0.00434870778907
0.227,0.0707513557304,-0.0707513557304,0.210341330974,2.79071459443,-2.8609374162,0.0248501849455,0.815153481326,0.00624736628755
0.26,0.0929664211706,-0.0929664211706,0.278090787215,2.7645219972,-2.87467166937,0.0336808867354,0.950594121498,0.00886469801383
0.295,0.112194992871,-0.112194992871,0.408076065827,2.77760128834,-2.87461459453,0.0458921483392,1.08633531291,0.0123014891025
0.329,0.133464879093,-0.133464879093,0.400553451187,2.74590094179,-2.88182414356,0.0600024617472,1.22190812278,0.0174206178823
0.363,0.164499088958,-0.164499088958,0.510139775207,2.69639958759,-2.89716033173,0.0754702687786,1.35705236529,0.0229111326529
0.397,0.189218991964,-0.189218991964,0.654905581871,2.63986129462,-2.91218738556,0.0932546601908,1.49085088073,0.029126115269
0.43,0.222999983754,-0.222999983754,0.633629605268,2.59467667699,-2.88906027996,0.114885053906,1.62331683458,0.0366222123378
0.464,0.24803545474,-0.24803545474,0.706697248444,2.54101270505,-2.85806818925,0.139260619676,1.75416565777,0.0462780733134
0.499,0.271937347205,-0.271937347205,0.854640671413,2.47057716125,-2.81354659696,0.166554692658,1.88212751982,0.058508580406
0.533,0.301925318967,-0.301925318967,0.950812155966,2.39543747191,-2.80229882921,0.197565879883,2.00770255953,0.0728285303219
0.566,0.318696221467,-0.318696221467,1.08040188539,2.32145426413,-2.77123739567,0.233313114607,2.13067440947,0.089699102002
0.601,0.336872672295,-0.336872672295,1.07441328052,2.27712576513,-2.75728281388,0.269845337665,2.25104179439,0.109651208931
0.635,0.345331571374,-0.345331571374,1.12484319478,2.25364123278,-2.73379817705,0.306293963964,2.3696176418,0.133226187354
0.669,0.348941760158,-0.348941760158,1.1146318758,2.24836963148,-2.67116623084,0.344447826614,2.48563200313,0.161574872271
0.702,0.345976792326,-0.345976792326,1.12222717177,2.23238152481,-2.67497894867,0.38187963318,2.59944202331,0.194280175488
0.737,0.33804252413,-0.33804252413,1.11060558651,2.23157830523,-2.6466680589,0.420064978603,2.71148722064,0.231272883359
0.77,0.320485926805,-0.320485926805,1.10007535915,2.22623284641,-2.6447839918,0.458221755845,2.82165528364,0.272593644318
0.804,0.302789657652,-0.302789657652,1.11641972853,2.22617704432,-2.64414639012,0.496093755698,2.93003383952,0.317935235916
0.838,0.281980625668,-0.281980625668,1.09002862381,2.22572697178,-2.63396509251,0.533259653641,3.03660237672,0.367191819359
0.873,0.250762188024,-0.250762188024,0.961144162156,2.23597832832,-2.62170479123,0.568593640892,3.14108057702,0.420567015284
0.907,0.225812505201,-0.225812505201,0.883026928877,2.27890594847,-2.59839981371,0.601199419885,3.24327659361,0.478592446488
0.94,0.192014655262,-0.192014655262,0.826655026383,2.34301254199,-2.5826742475,0.630952668056,3.34317392094,0.541600846455
0.975,0.167196822888,-0.167196822888,0.699043765287,2.40303867567,-2.55715101268,0.657938841059,3.44086554437,0.609658963955
1.008,0.143505261295,-0.143505261295,0.665818198264,2.47805876648,-2.57467761755,0.681258556799,3.5371634486,0.682424328807
1.043,0.114461482071,-0.114461482071,0.561002862725,2.51693311804,-2.63071403135,0.701731345223,3.63309311251,0.75921215647
1.076,0.0949963400694,-0.0949963400694,0.412459144117,2.56264528073,-2.64540145885,0.719439101992,3.72844167999,0.839169386369
1.11,0.0724506059144,-0.0724506059144,0.376283634759,2.65717747171,-2.69100961421,0.734391330301,3.82364291571,0.922550952217
1.144,0.0581429731701,-0.0581429731701,0.27995428908,2.67850499275,-2.72413549959,0.745358148336,3.91973575176,1.00924860311
1.179,0.0459937276584,-0.0459937276584,0.224729338626,2.69995508254,-2.7395401199,0.754258191151,4.01534845574,1.09764080671
1.213,0.0329032586048,-0.0329032586048,0.166712927067,2.71881068093,-2.75810679305,0.76130659943,4.11103238349,1.1875218803
1.246,0.0251679585305,-0.0251679585305,0.135087183884,2.73833466635,-2.77514842263,0.766640313508,4.20660296126,1.27870158523
1.28,0.0172159859052,-0.0172159859052,0.0855326604008,2.76757298291,-2.79566929519,0.770517972176,4.30256536615,1.37116362478
1.314,0.0127335260962,-0.0127335260962,0.0718885145705,2.7898502405,-2.81967102415,0.773230587006,4.39911152144,1.46478018784
1.348,0.00928349753437,-0.00928349753437,0.0515468074816,2.80537073658,-2.82613212795,0.775224538291,4.49572895559,1.55913854236
1.382,0.00595663087576,-0.00595663087576,0.0405542165034,2.81933616915,-2.84600906115,0.776584118997,4.59275857817,1.65430775349
1.416,0.00419924619559,-0.00419924619559,0.0212993492385,2.81851292071,-2.84321572305,0.777571539007,4.68985023909,1.74967771831
1.451,0.00257634492467,-0.00257634492467,0.0157483773046,2.81972682916,-2.83829263424,0.77820266163,4.78683923389,1.84513304126
1.484,0.00175623392074,-0.00175623392074,0.0120428336456,2.8176218858,-2.83975705322,0.77864293752,4.88366996368,1.94062440174
1.519,0.00118006756889,-0.00118006756889,0.00267928189931,2.82131688733,-2.83921302531,0.778868499594,4.98048937659,2.03617586449
1.553,0.000679117148942,-0.000679117148942,0.00201067744267,2.82015418092,-2.83905394493,0.779029000263,5.07730037701,2.13174379208
1.586,0.00044124207346,-0.00044124207346,7.77046303839e-06,2.81790021508,-2.84058673224,0.77909288598,5.17410430506,2.22732219665
1.621,0.000242805402782,-0.000242805402782,0.00197386975763,2.81726431391,-2.83915694315,0.779174735507,5.27087630757,2.32285233192
1.654,0.000152545103187,-0.000152545103187,0.000581110190378,2.81785394055,-2.83840476543,0.779212334194,5.3676255096,2.41841543038
1.688,9.44679204681e-05,-9.44679204681e-05,0.000578824045971,2.81788999331,-2.83841543817,0.77923299408,5.46436599242,2.51398616879
1.723,4.87608129811e-05,-4.87608129811e-05,0.000111262351031,2.81784243353,-2.83843576469,0.779243741127,5.56110489302,2.6095587556
1.756,2.91987814602e-05,-2.91987814602e-05,0.000226048263679,2.81785507412,-2.83842893294,0.779250155832,5.65784305759,2.70513188271
1.79,1.4411026522e-05,-1.4411026522e-05,-5.21365073785e-05,2.81783841259,-2.83843456184,0.77925273486,5.75458075448,2.80070564409
1.824,8.34442494201e-06,-8.34442494201e-06,2.71862179772e-05,2.81785918542,-2.838462363,0.779253922236,5.85131839527,2.89627948517
1.859,4.7625995554e-06,-4.7625995554e-06,-4.1801808019e-06,2.81784951789,-2.83842374279,0.779253808478,5.94805585777,2.9918533772
1.893,2.20485183344e-06,-2.20485183344e-06,-2.58503377258e-05,2.81785788903,-2.83846542024,0.779253389952,6.04479330261,3.08742731476
1.926,1.2168436218e-06,-1.2168436218e-06,-4.26553829228e-05,2.81784370445,-2.83842083236,0.779252726316,6.14153078645,3.18300121709
1.961,5.38658751642e-07,-5.38658751642e-07,-8.73223937112e-06,2.81786094578,-2.83845481682,0.77925183246,6.23826833739,3.27857504862
1.994,2.87459579288e-07,-2.87459579288e-07,-7.349838839e-05,2.8178327946,-2.83841615147,0.779251023119,6.33500599445,3.37414888254
