0.024,-0.00754152576799,0.00754152576799,-0.0116429857747,3.98982725151,-0.00473688982576,0.0,0.0,0.0
0.058,-0.0133728230651,0.0133728230651,-0.0504282736694,3.98976729532,-0.00103713245445,-0.00108213361066,0.135620292026,1.24026587143e-05
0.092,-0.0262419126326,0.0262419126326,-0.0770704288074,3.98925717924,-0.00387369315557,-0.0033457840954,0.271252623567,-0.000294549763992
0.126,-0.0412387844922,0.0412387844922,-0.0865782421181,3.99166315993,0.00212339376865,-0.00624752109548,0.406883151335,-0.000823757526088
0.16,-0.0667324395464,0.0667324395464,-0.197878950947,3.96054062433,-0.01563645725,-0.0112005176433,0.542306813696,-0.00233550031908
0.193,-0.0904404103546,0.0904404103546,-0.313041860171,3.92368610123,-0.0132114329074,-0.0193638948497,0.676089099257,-0.00459317400572
0.228,-0.115710477169,0.115710477169,-0.414675472081,3.94169589405,-0.00954133758682,-0.0314344929182,0.809742020735,-0.00824094831554
0.262,-0.146940026134,0.146940026134,-0.568312558035,3.9466611118,0.0397088159477,-0.0482592753435,0.943643977789,-0.0128381142634
0.296,-0.164354308974,0.164354308974,-0.672228848786,3.93339865263,0.0535673060588,-0.0692403024947,1.07758318567,-0.018929916673
0.33,-0.173542845677,0.173542845677,-0.726075842422,3.90267642583,0.047697833653,-0.0935202858652,1.21022929864,-0.0278416450451
0.364,-0.170606178616,0.170606178616,-0.717248853604,3.88801941013,0.0508279293611,-0.118311259075,1.34199572585,-0.0400664473095
0.398,-0.157489352275,0.157489352275,-0.700573869571,3.86771290178,0.0444637449325,-0.143020822815,1.47298175215,-0.0554991279431
0.432,-0.129423656825,0.129423656825,-0.62319689762,3.87814222305,0.0257704822256,-0.165758226425,1.60328283497,-0.0744828491676
0.466,-0.104448192687,0.104448192687,-0.482555759963,3.88244489915,0.0203197187587,-0.185155271475,1.73327780983,-0.0967479873674
0.5,-0.0795743006618,0.0795743006618,-0.39369712627,3.91255898093,0.0215772565157,-0.200440717312,1.86346609751,-0.121657558988
0.534,-0.0506239365125,0.0506239365125,-0.292088339447,3.91729365863,0.0192160723213,-0.211947560397,1.99368826867,-0.148280845398
0.567,-0.0337177538141,0.0337177538141,-0.188990204261,3.95393791628,0.0228003625604,-0.220182299246,2.12452867957,-0.176663175227
0.602,-0.0179314804294,0.0179314804294,-0.138193814521,3.96766477504,0.0211632575298,-0.225691856693,2.25606217966,-0.205680872531
0.636,-0.0104411825946,0.0104411825946,-0.0723778977416,3.97419337471,0.00137282643109,-0.229017566066,2.38781285469,-0.235611848991
0.67,-0.0057394182291,0.0057394182291,-0.0392529056761,4.00381932088,0.0039493541769,-0.230771570842,2.51986684271,-0.266349678637
0.704,-0.00236290355969,0.00236290355969,-0.0223841687761,4.01472931411,-0.0020068277183,-0.231593580014,2.65257469536,-0.297402449164
0.738,-0.00113552055518,0.00113552055518,-0.00712341098922,4.00665673563,-0.00301065523101,-0.231949355157,2.78523035543,-0.32874678906
0.772,-0.000390793699128,0.000390793699128,-0.00553699888953,4.00996723627,-0.00494139416917,-0.232039267636,2.91782288435,-0.360024354758
0.805,-0.000164182694234,0.000164182694234,-0.00109528295134,3.99806940817,-0.00431064745031,-0.232088718536,3.05030441416,-0.391274052913
0.84,-6.51166187536e-05,6.51166187536e-05,0.00406674247306,3.99797174475,-0.00314365121715,-0.232112284208,3.18274877081,-0.422581285497
0.873,-1.73486228805e-05,1.73486228805e-05,0.00185661741813,4.00370978697,0.000277478616379,-0.232063753173,3.31522392171,-0.453825980606
0.907,-6.01534154702e-06,6.01534154702e-06,0.0055284814237,4.00347024837,-0.00517741765676,-0.232106123582,3.44768027066,-0.485155270365
0.941,-1.339701012e-06,1.339701012e-06,-0.000757060774795,4.003214382,-0.00155456605487,-0.232125806059,3.58018465894,-0.516414380095
0.976,-4.06100937274e-07,4.06100937274e-07,0.00529542148713,4.00077564096,-0.00728340423581,-0.232094438602,3.71260835781,-0.547757920367
1.009,-1.16210330437e-07,1.16210330437e-07,-0.00114296781645,4.00164553432,-0.00325772482164,-0.232091099595,3.84498168543,-0.579044656845
1.043,-1.16210330437e-07,1.16210330437e-07,-0.00378361193983,4.00422051211,-0.00195337192864,-0.232080546051,3.97744869797,-0.610326979717
1.078,-1.16210330437e-07,1.16210330437e-07,-0.00411757764243,4.00086350162,-0.00206859029442,-0.232093301866,4.10988562617,-0.64165996652
1.112,-1.16210330437e-07,1.16210330437e-07,-4.34144049527e-05,4.0030444124,-0.00736413891901,-0.232175096504,4.24231964456,-0.672985246289
1.146,-1.16210330437e-07,1.16210330437e-07,0.000835768131044,4.00339567243,-0.0055769082689,-0.232237707786,4.37472732858,-0.704324892771
1.18,-1.16210330437e-07,1.16210330437e-07,0.00428130535716,4.00151566961,-0.0033608097045,-0.23232675682,4.50712926887,-0.735673118308
1.214,-1.16210330437e-07,1.16210330437e-07,0.00121110889972,3.99855544115,-0.00589628735091,-0.232335372428,4.63948194771,-0.767060983443
1.248,-1.16210330437e-07,1.16210330437e-07,-0.00887977080591,4.00321261883,-0.00647427348848,-0.23240925553,4.77187824779,-0.798434205744
1.282,-1.16210330437e-07,1.16210330437e-07,0.00307978306222,4.00536104994,-0.00440400020084,-0.232465774989,4.90429825952,-0.829778538758
1.316,-1.16210330437e-07,1.16210330437e-07,0.0013755882448,4.00575037066,-0.00357751497701,-0.232535413281,5.03668162134,-0.861128948712
